2 0.0021578375 0.6856485514705883 0.0177801515625 0.7040259264705881 0.047072265625 0.7545632279411766 0.12323144531250001 0.6642086004901961 0.12323144531250001 0.6611456421568627 0.2306354984375 0.538630705882353 0.0851518546875 0.41152152205882353 0 0.5018761495098039 0.0021578375 0.6856485514705883
2 0.17009863281249998 0.3885498995098039 0.171142578125 0.38909313725490197 0.23649389687500003 0.44061868137254906 0.339015990625 0.22162320098039215 0.28336108437499996 0.16955441911764704 0.17009863281249998 0.3885498995098039
2 0.0500013421875 0.30278952205882353 0.049025025 0.3135094975490196 0.11053820781249998 0.3609840294117647 0.2218479 0.12054859803921568 0.176933471875 0.07001110539215687 0.0500013421875 0.30278952205882353
2 0.11737304687500001 0.357921262254902 0.1154202875 0.35945255147058824 0.16619299375000002 0.3946756274509804 0.28238464375 0.16649165196078433 0.22380065937500002 0.12207988725490196 0.11737304687500001 0.357921262254902
2 0.3722135015625 0.3885498995098039 0.44251440468750003 0.3196352254901961 0.5040275875 0.25990923774509805 0.4073640140625 0.1297370931372549 0.3536619875 0.22162320098039215 0.3536619875 0.21856043137254902 0.3136295171875 0.28288066666666667 0.3722135015625 0.3885498995098039
2 0.2999599609375 0.46359030392156864 0.2980070796875 0.4697160318627451 0.3780719 0.6075453823529412 0.48059399375 0.44827588970588234 0.4151751703125 0.3472010955882353 0.2999599609375 0.46359030392156864
2 0.469853515625 0.21702895343137257 0.47082995624999996 0.21549747303921568 0.56163513125 0.339543887254902 0.65927526875 0.14045706862745097 0.5635880125 0 0.469853515625 0.21702895343137257
2 0.1115146484375 0.3609840294117647 0.08854986718749999 0.4165136446078431 0.2306354984375 0.5370992254901961 0.2999599609375 0.46665326225490195 0.3731899421875 0.39008137990196073 0.3126530765625 0.2844121470588235 0.2394230953125 0.44061868137254906 0.1115146484375 0.3609840294117647
2 0.0500013421875 0.8801411225490196 0.0519542234375 0.9674329803921569 0.0636710203125 0.9842786838235295 0.0783170171875 0.9858101642156863 0.09686865156249999 0.9659015 0.1203022453125 0.9904046029411765 0.2169659421875 0.8403236053921569 0.12323144531250001 0.6672713700980392 0.0500013421875 0.7530319387254902 0.044142943750000004 0.8296036299019608 0.0500013421875 0.8801411225490196
2 0.4024819328125 0.12820561519607843 0.3126530765625 0.016410845588235294 0.24723425312499997 0.13279986274509803 0.2530926515625 0.13279986274509803 0.342921509375 0.21549747303921568 0.4024819328125 0.12820561519607843
2 0 0.5018761495098039 0.0890573734375 0.40692708333333333 0.1115146484375 0.36251550980392155 0.045119384375 0.31197801715686274 0.13201904375 0.14658298774509804 0.025591309375 0.002627911764705882 0.02266223125 0 0.0011813968750000001 0.0010964313725490196 0 0.5018761495098039
2 0.7569152828125 0.5524136421568627 0.7598444828125 0.5998881740196079 0.7823017578125 0.6412369779411765 0.7891364750000001 0.6825857843137255 0.8457677 0.7484375 0.9014226078125 0.6320482916666667 0.7715612796875 0.41917873039215686 0.766679321875 0.42683574509803923 0.7588680421875 0.4789047181372549 0.7569152828125 0.5524136421568627
2 0.7989005125 0.41917873039215686 0.813546509375 0.368641237745098 0.8291689453125001 0.31197801715686274 0.83502734375 0.26756644362745097 0.8535789796875 0.24000057352941176 0.8711540531249999 0.22315467892156865 0.9053281249999999 0.22315467892156865 0.8330744625 0.07460535294117647 0.7715612796875 0.20784026470588235 0.7022369390625001 0.380892693627451 0.7002840578125 0.3824241740196079 0.7422692875 0.47124750980392155 0.7569152828125 0.46052734313725485 0.7705849609375 0.42377297794117647 0.7989005125 0.41917873039215686
2 0.6641572265625 0.6611456421568627 0.7256705328125 0.5554764093137255 0.660251709375 0.47277899019607844 0.6065495609375 0.5508823529411765 0.6085024406249999 0.5585395612745098 0.6377944328125 0.6305170024509804 0.63681799375 0.6259225637254902 0.6377944328125 0.6259225637254902 0.6641572265625 0.6611456421568627
2 0.7813253171875 0.6458312279411765 0.752033203125 0.5983566936274509 0.7256705328125 0.5570078897058823 0.668062865625 0.6611456421568627 0.67099194375 0.6580828750000001 0.7217648921875 0.7652833946078432 0.755938965625 0.7729406029411764 0.7852309578125001 0.6795228235294118 0.7813253171875 0.6458312279411765
2 0.58702160625 0.728528838235294 0.5450363765625 0.647362705882353 0.469853515625 0.7714091225490196 0.4747355953125 0.779066137254902 0.5108624265625 0.8464495245098039 0.58702160625 0.728528838235294
2 0.21306030312500002 0.838792318627451 0.2179422609375 0.838792318627451 0.3214406734375 0.9999234068627451 0.3614731453125 0.9444613578431372 0.272620728125 0.7530319387254902 0.21306030312500002 0.838792318627451
2 0.9590301515625 0.30125804166666664 0.9580538328125 0.2476577818627451 0.9229033203125001 0.24153186274509805 0.8379565421875 0.26909773284313726 0.797924071875 0.42989870588235296 0.7754669187500001 0.42071001715686274 0.9023990484375 0.6213283161764706 0.9053281249999999 0.6197970269607843 0.9551245125 0.5202535245098039 0.9990626218750001 0.4314301862745098 0.9998779296875 0.31044653921568627 0.9590301515625 0.30125804166666664
2 0.48352319374999997 0.43908739215686277 0.48645239218749997 0.4421501617647059 0.5587060546875 0.3410753676470588 0.5040275875 0.2614407156862745 0.4181043703125 0.3502640539215686 0.48352319374999997 0.43908739215686277
2 0.42005712968750003 0.8541067328431373 0.3224171140625 0.676460056372549 0.2755499265625 0.7545632279411766 0.27945544375 0.7560947083333334 0.3614731453125 0.9459928382352941 0.42005712968750003 0.8541067328431373
2 0.42005712968750003 0.5524136421568627 0.4181043703125 0.5585395612745098 0.5069567875 0.7193403406862745 0.550894775 0.6351112524509803 0.461066040625 0.48196748529411765 0.42005712968750003 0.5524136421568627
2 0.26090393125 0.5064705882352941 0.25895104999999996 0.5141276029411764 0.4503255609375 0.7989749926470587 0.47375915468749996 0.7530319387254902 0.29507788125 0.47124750980392155 0.26090393125 0.5064705882352941
2 0.8770125734375 0.8204151348039216 0.9443841546874999 0.9934673700980392 0.9063045656250001 0.8571695 0.9434078375 0.9858101642156863 0.976605346875 0.9505872769607843 0.9072810062500001 0.7775348504901961 0.8770125734375 0.8204151348039216
2 0.873046875 0.7088694852941176 0.9092337640625001 0.7821290980392157 0.9990626218750001 0.6029511323529412 0.956101075 0.5202535245098039 0.873046875 0.7088694852941176
2 0.6895437015625 0.08838828921568627 0.669039184375 0.1343313431372549 0.6826171875 0.1171875 0.6739212640625001 0.1343313431372549 0.753009765625 0.2706292132352941 0.7735140375 0.20630897794117647 0.6895437015625 0.08838828921568627
2 0.7266469718749999 0.8173521764705882 0.6963784171875 0.8832038921568628 0.694425659375 0.8832038921568628 0.71883569375 0.947524318627451 0.7305524906249999 0.996530330882353 0.7783959953124999 0.959775774509804 0.7266469718749999 0.8173521764705882
2 0.7120009765625 0.8418552769607842 0.6172900390625 0.6642086004901961 0.587998046875 0.7132144215686275 0.5587060546875 0.7760033700980392 0.5596823734374999 0.7744720808823529 0.631936034375 0.9383356299019607 0.670015746875 0.8786096421568628 0.69052001875 0.8847353700980393 0.7120009765625 0.8418552769607842
2 0.6641572265625 0.13739430147058823 0.56163513125 0.3441381348039215 0.5674935296875 0.3380124093137255 0.6612280265625 0.47124750980392155 0.7022369390625001 0.3655782769607843 0.7451984859375 0.2706292132352941 0.6641572265625 0.13739430147058823
2 0.7881600343749999 0.9505872769607843 0.836980103125 0.8969870171568628 0.7715706671875 0.7355558210784314 0.7305524906249999 0.8127579264705882 0.7881600343749999 0.9505872769607843
2 0.09589221249999999 0.9999234068627451 0.2159893796875 0.9995930980392157 0.316558715625 0.9999234068627451 0.2159893796875 0.8296036299019608 0.09589221249999999 0.9999234068627451
2 0.3360964359375 0.9995759999999999 0.5098859859375 0.9980618112745099 0.42005712968750003 0.8525752524509804 0.3360964359375 0.9995759999999999
2 0.3751427 0.004159198529411765 0.385883178125 0.0010964313725490196 0.303865478125 0.00875363725490196 0.4063874515625 0.13126857352941176 0.4854759515625 0 0.3751427 0.004159198529411765
2 0.86041381875 0.0010964313725490196 0.8330744625 0.05469669117647059 0.8330744625 0.0638853774509804 0.9141158453125 0.23540632598039216 0.9863693843749999 0.1435200294117647 0.91704504375 0 0.86041381875 0.0010964313725490196
2 0.1691223140625 0.068479625 0.2413758546875 0.1297370931372549 0.30777111874999996 0.005690678921568628 0.0324262703125 0.002627911764705882 0.037308228124999995 0.011816406862745099 0.131042603125 0.14505150980392156 0.1691223140625 0.068479625
2 0.6729449468750001 0.073073875 0.69052001875 0.09298253676470589 0.7725377203125 0.19865176960784311 0.8291689453125001 0.06694814705882353 0.7989005125 0.0010964313725490196 0.68466174375 0.0010964313725490196 0.6797796625 0.005690678921568628 0.669039184375 0.04550800490196078 0.6729449468750001 0.073073875
2 0.8682249750000001 0.9750901887254901 0.8311217046875001 0.8939240588235294 0.7354344484374999 0.9949988504901961 0.7344580078125 0.9980618112745099 0.8477205812499999 0.9999234068627451 0.8682249750000001 0.9750901887254901
2 0.7120009765625 0.9306784240196078 0.67196850625 0.874015394607843 0.590927246875 0.9995930980392157 0.5928800046875 0.9999234068627451 0.6661099859374999 0.9999234068627451 0.7120009765625 0.9306784240196078
2 0.6651336671875 0.9999234068627451 0.727623290625 0.9995930980392157 0.717859253125 0.9337413823529411 0.668062865625 0.9934673700980392 0.6651336671875 0.9999234068627451
2 0.5411307375 0.7989749926470587 0.56163513125 0.8464495245098039 0.54991845625 0.8770781642156863 0.5606588140625 0.9107699534313725 0.5479655765625 0.947524318627451 0.5440600578125 0.9490557990196078 0.5850688468749999 0.9999234068627451 0.6260776375 0.9322099044117647 0.5596823734374999 0.7683461617647058 0.5411307375 0.7989749926470587
2 0.5577296140625 0.8433865661764706 0.5440600578125 0.8127579264705882 0.5108624265625 0.8525752524509804 0.469853515625 0.7729406029411764 0.427148371875 0.8460108063725491 0.4669244390625 0.9306784240196078 0.5128151859375001 0.9999234068627451 0.5469891359375 0.9444613578431372 0.5606588140625 0.9031127450980393 0.5469891359375 0.8801411225490196 0.5577296140625 0.8433865661764706
2 0.6817324218749999 0.004159198529411765 0.57335205 0 0.5723756109375 0.002627911764705882 0.6641572265625 0.13739430147058823 0.68368518125 0.09298253676470589 0.6651336671875 0.062353899509803926 0.6817324218749999 0.004159198529411765
2 0.5518712156250001 0.6305170024509804 0.553823975 0.6335797720588235 0.6573225093749999 0.4697160318627451 0.5665172125 0.3380124093137255 0.46399511718750003 0.48196748529411765 0.5518712156250001 0.6305170024509804
2 0.9998779296875 0.8234779019607844 0.99808618125 0.7224031102941177 0.9219270015625 0.8142894068627451 0.9287618406249999 0.8158206960784314 0.9521953125 0.8954555367647059 0.9998779296875 0.8234779019607844