2 0.5480157921875 1 0.729553503125 0.9966147609942638 0.7449953109375 0.6821690382409178 0.5442562046874999 0.7024122160611854 0.5475650859375001 0.7078105755258126 0.532139196875 1 0.5480157921875 1
2 0.9975730828125 0.6578770917782027 0.9997242140625 0.4190063900573614 0.7913193609375 0.44869669789674954 0.7902164921875 0.44869669789674954 0.7847016 0.44734710707456976 0.7460979046875 0.6578770917782027 0.9975730828125 0.6578770917782027
2 0.7656427859375 1 0.98323469375 0.9979643518164435 0.9920584671875 0.661925862332696 0.749407059375 0.6659746309751434 0.751612796875 0.67137265583174 0.7339814265625 1 0.7656427859375 1
2 0.7780841140625 0.2057772256214149 0.7802898515625001 0.20712681644359465 0.7869076109375001 0.4392495659655832 0.9997242140625 0.40821000573613764 0.9997242140625 0.16798971510516253 0.7780841140625 0.2057772256214149
2 0.37476585625 1 0.528814671875 0.9993139407265775 0.5453590734375 0.7037618049713193 0.3170463328125 0.7401997265774378 0.31482264375 0.7422404608030593 0.3082301390625 1 0.37476585625 1
2 0.086527578125 0.2961970650095602 0.085424434375 0.29754665391969404 0.067777165625 0.686217808795411 0.1493963046875 0.7361512925430211 0.162631825 0.2880998604206501 0.086527578125 0.2961970650095602
1 0.10086596875 0.19767968451242832 0.1030719796875 0.20307804588910133 0.11189547656250001 0.2880998604206501 0.2486627140625 0.26515750478011474 0.2453538328125 0.18283486998087953 0.10086596875 0.19767968451242832
2 0.5773450078125 0.23546719694072657 0.44940154374999997 0.25436112045889103 0.196823496875 0.2894494512428298 0.188 0.7536952906309752 0.570727246875 0.695664602294455 0.5773450078125 0.23546719694072657
2 0.41410672968749995 0.2624583231357553 0.41410672968749995 0.0019948546845124284 0.3137374515625 0.0019948546845124284 0.3115314390625 0.011441648183556405 0.3159431875 0.26515750478011474 0.41410672968749995 0.2624583231357553
2 0.307119690625 0.9696236347992352 0.3126345828125 0.738850135755258 0.0015995593749999998 0.7631420822179732 0 0.9102433556405354 0.1460874234375 0.922389328871893 0.307119690625 0.9696236347992352
2 0.9975730828125 0.16124210133843211 0.9997242140625 0.006043288718929254 0.7703701734374999 0.00011422944550669217 0.7824958625 0.199029275334608 0.9975730828125 0.16124210133843211
2 0.061159404687499995 0.004694036328871893 0.0578505234375 0 0.0379972421875 0.1153570497131931 0.307119690625 0.09376428298279159 0.309325428125 0.000645265774378585 0.061159404687499995 0.004694036328871893
2 0.510064534375 0 0.508961390625 0.2395159674952199 0.7780841140625 0.2057772256214149 0.771466078125 0 0.5111674015625 0 0.510064534375 0
2 0.5122702703125 0.24114330401529635 0.5111674015625 0.003622193116634799 0.416312740625 0.003622193116634799 0.41851875312500003 0.010369806883365201 0.4229305015625 0.24924050669216063 0.5122702703125 0.24114330401529635
2 0.7758778265624999 0.21010374378585087 0.5872716484375 0.23304610133843212 0.58396276875 0.23709453346080306 0.5685212359375 0.7026903001912046 0.7438921671875 0.6797476061185468 0.78139271875 0.4462752657743786 0.7758778265624999 0.21010374378585087
2 0.0159379484375 0.30187317208413006 0.010423331249999999 0.35855426959847037 0.010423331249999999 0.35045706692160616 0 0.6392612523900574 0.0732920578125 0.6190177380497133 0.0832186984375 0.2897271988527724 0.0159379484375 0.30187317208413006
2 0.03137948125 0.1210331586998088 0.0379972421875 0.12238274952198853 0.0302763375 0.2006566137667304 0.3148403203125 0.16826746271510518 0.3126345828125 0.08999359847036328 0.03137948125 0.1210331586998088
1 0.152668415625 1 0.14497793750000001 0.9250942466539197 0 0.9115986826003825 0 1 0.152668415625 1
1 0.1074773859375 0.24896849713193114 0.100937671875 0.1960769847036329 0.108580253125 0.2827072370936902 0.1515956984375 0.28810559847036327 0.1074773859375 0.24896849713193114