3 0.48695982187500003 0.6343913775700935 0.43478924062499996 0.6219078841121495 0.43348493593750004 0.6281494355140187 0.4256594296875 0.6812039925233645 0.48304723125000004 0.6921268056074766 0.48695982187500003 0.6343913775700935
3 0.181761190625 0.2598900691588785 0.12437338906249999 0.25676909906542056 0.11785186249999999 0.25676909906542056 0.11263496875000001 0.33010899252336445 0.173935359375 0.32854870093457944 0.181761190625 0.2598900691588785
3 0.430876325 0.06483737757009346 0.382618334375 0.06327708785046729 0.3839226390625 0.06795795887850468 0.36435871249999996 0.12101251588785047 0.4178335984375 0.1334960093457944 0.430876325 0.06483737757009346
1 0.5899970031249999 0.8388065906542056 0.4908727375 0.8122793121495328 0.485655515625 0.8154002841121495 0.472613115625 0.9027835719626168 0.5639118765625 0.9199483271028037 0.5899970031249999 0.8388065906542056
1 0.6956803093749999 1 0.7086855234375 0.9464756056074766 0.6486891109374999 0.9464756056074766 0.6486891109374999 0.9495961869158878 0.638556778125 1 0.6956803093749999 1
2 0.672165953125 0.42841548224299064 0.4400061359375 0.39720694205607476 0.430876325 0.39720694205607476 0.4178335984375 0.6016225476635514 0.4921770421875 0.6203472018691589 0.4908727375 0.7092915607476635 0.613474171875 0.7358184485981308 0.672165953125 0.42841548224299064
2 0.45626710781249996 1 0.480438621875 0.7092915607476635 0.21567215 0.6593579757009346 0.20915062343750002 0.6609182654205608 0.19480391875 0.9261898785046729 0.4320867421875 1 0.45626710781249996 1
2 0.8430253796875 0.7810707738317757 0.6147784781250001 0.7295768971962617 0.6108655625 0.7358184485981308 0.5756502968749999 0.9246295887850468 0.784333271875 0.9558381289719626 0.8430253796875 0.7810707738317757
2 0.8560681062500001 0.6858852542056075 0.643472215625 0.6468744803738318 0.6343424046874999 0.6499954523364486 0.6226039828125 0.7311371869158878 0.835199546875 0.7779498018691589 0.8560681062500001 0.6858852542056075
2 0.72042394375 0.18655017570093457 0.5221750859375 0.15534163738317758 0.5195668015625 0.1600228971962617 0.494785653125 0.38160286728971965 0.6552106375 0.4034488841121496 0.703468628125 0.3254277308411215 0.72042394375 0.18655017570093457
2 0.50521976875 0.15378134579439254 0.382618334375 0.13973756261682244 0.3774014390625 0.14285853271028037 0.359141490625 0.3738006355140187 0.48826412656249996 0.3862841289719626 0.50521976875 0.15378134579439254
2 0.7243368593749999 0.18342920560747664 0.7152070484374999 0.30046113271028035 0.6591232265625 0.40656985607476637 0.8899790640624999 0.4424592672897196 0.91796875 0.3644523177570093 0.91796875 0.21619726542056075 0.732162365625 0.18811085794392524 0.7243368593749999 0.18342920560747664
2 0.2818797359375 0 0.2756685625 0.08824368598130841 0.278276846875 0.08980397570093458 0.353924596875 0.10852902242990654 0.3745411625 0 0.2818797359375 0
1 0.2300268515625 0 0.2208890453125 0.0929249476635514 0.26784273125 0.09448523738317757 0.2838057953125 0 0.2300268515625 0
1 0.718809075 0 0.6865129859375 0.16626483925233645 0.91796875 0.21151616822429908 0.91796875 0.2113880336448598 0.9160645187500001 0.16314386915887852 0.829982653125 0.14753979439252338 0.8681791593750001 0 0.718809075 0
2 0.554604859375 1 0.569129096875 0.9277505588785047 0.480438621875 0.9043442523364487 0.4700045046875 0.9105858037383178 0.45505712656249997 1 0.554604859375 1
2 0.23914899374999998 0.10540844112149532 0.11393927343750002 0.08668339439252337 0.1100263578125 0.08980397570093458 0.1022008515625 0.22868152897196262 0.2248019609375 0.24896686542056073 0.23914899374999998 0.10540844112149532
1 0.22349765625 0.2552088074766355 0.1961082234375 0.2505275457943925 0.1908910015625 0.25832977943925234 0.1804568859375 0.34415277570093455 0.0943750203125 0.3347902523364486 0.08203125 0.4174926691588785 0.2065423390625 0.43933868598130843 0.22349765625 0.2552088074766355
2 0.38001005 0.13973756261682244 0.249583109375 0.11321028411214953 0.24567019375000002 0.11164999252336448 0.226106265625 0.2520878373831776 0.3630544078125 0.27081288224299066 0.38001005 0.13973756261682244
2 0.36435871249999996 0.2786151158878505 0.2300191828125 0.2552088074766355 0.22349765625 0.2598900691588785 0.20784631875 0.6484351607476635 0.2991454046875 0.6609182654205608 0.33044775312499997 0.3769216056074767 0.35653320625 0.3769216056074767 0.36435871249999996 0.2786151158878505
2 0.6347977734375 0 0.6343424046874999 0.030507867289719624 0.5586946546875 0.0071015607476635515 0.553477759375 0.003980979439252337 0.5195668015625 0.14285853271028037 0.6799917843750001 0.1803086242990654 0.71443964375 0 0.6347977734375 0
2 0.874445234375 0 0.835199546875 0.1381772710280374 0.91796875 0.15378038504672897 0.91796875 0 0.874445234375 0
0 0.642167909375 0.6390722485981308 0.8104187250000001 0.6671602074766355 0.8599806953125 0.4471405289719626 0.6956835234375001 0.4271770691588785 0.642167909375 0.6390722485981308
2 0.1781449203125 1 0.1921953078125 0.7607854373831776 0.0826365984375 0.7529832037383178 0.08203125 0.7529832037383178 0.0848577703125 1 0.1781449203125 1
2 0.2065423390625 0.45338247102803736 0.1165475578125 0.45026149906542057 0.11133066250000001 0.45806334205607474 0.10350483125000001 0.5735345887850467 0.0839409046875 0.5704140074766355 0.0839409046875 0.7483019420560748 0.19480391875 0.7529832037383178 0.2065423390625 0.45338247102803736
2 0.43348493593750004 0.39408636261682245 0.3408818703125 0.3784818971962617 0.338273259375 0.38160286728971965 0.316100721875 0.6702807887850467 0.4034868921875 0.6890058336448598 0.43348493593750004 0.39408636261682245
2 0.11475199843749999 0 0.1048091359375 0.07732048224299065 0.21436784531250003 0.09916649906542056 0.22749852656249997 0 0.11475199843749999 0