2 0.3265625 0.23774509803921567 0.146875 0.45098039215686275
2 0.50546875 0.7022058823529411 0.2078125 0.5955882352941176
1 0.6765625 0.4411764705882353 0.128125 0.6078431372549019
1 0.3234375 0.7034313725490197 0.1421875 0.4681372549019608
2 0.928125 0.5686274509803921 0.1265625 0.26715686274509803
2 0.80625 0.7132352941176471 0.1234375 0.571078431372549
2 0.934375 0.13725490196078433 0.1234375 0.09558823529411764
2 0.121875 0.75 0.234375 0.2965686274509804
1 0.1234375 0.18627450980392157 0.2421875 0.29901960784313725
1 0.1203125 0.5294117647058824 0.2375 0.13970588235294118
2 0.8 0.16666666666666666 0.125 0.27205882352941174
2 0.8046875 0.36764705882352944 0.1171875 0.11519607843137254
2 0.6703125 0.06372549019607843 0.128125 0.12009803921568628
0 0.503125 0.18137254901960784 0.2 0.3627450980392157
0 0.68125 0.8725490196078431 0.121875 0.22549019607843138
0 0.9359375 0.3088235294117647 0.0828125 0.22303921568627452
1 0.9328125 0.041666666666666664 0.1203125 0.06862745098039216