2 0.41520515781249995 0 0.2893409421875 0.16017425000000002 0.322534790625 0.24747606372549022 0.462144409375 0.08665709313725489 0.43437716875000004 0 0.41520515781249995 0
2 0.3191866796875 0 0.259075928125 0.06674613235294118 0.287388428125 0.15864257843137256 0.4140049453125 0 0.3191866796875 0
2 0.322534790625 0.2704501764705882 0.263957396875 0.3546886495098039 0.3469421390625 0.5063177843137254 0.38501745625 0.40982651715686275 0.42895056093750006 0.2995505906862745 0.361586425 0.20765414460784315 0.32058227499999997 0.2704501764705882 0.322534790625 0.2704501764705882
2 0.56856018125 0.30874023529411765 0.4806939703125 0.18314836029411766 0.47678881874999995 0.18621170343137253 0.4025906984375 0.36694144362745096 0.46702587968750003 0.4695592058823529 0.56856018125 0.30874023529411765
2 0.397709228125 0.5966825588235294 0.31862963906249997 0.454243068627451 0.3196059578125 0.4527113970588236 0.18125 0.5997459019607843 0.27079138125 0.7498435588235294 0.397709228125 0.5966825588235294
2 0.4390554046875 0 0.462144409375 0.09125191421568628 0.36256274374999997 0.20612247303921571 0.42992687968750004 0.3010822622549019 0.47874145468749996 0.18621170343137253 0.52365075625 0.07746744852941176 0.49693147031249996 0 0.4390554046875 0
2 0.2659099125 0.10350471078431372 0.19171191406250002 0.20612247303921571 0.2629810796875 0.34703048284313726 0.31862963906249997 0.25360236764705885 0.2659099125 0.11269435539215687 0.2659099125 0.10350471078431372
2 0.6383508078125 1 0.6163984375 0.9535474117647059 0.5900385734375 0.9428262867647059 0.5636787109375 0.9075991887254903 0.5334136968750001 0.9030043651960784 0.4865517578125 0.9060675171568627 0.4533577875 0.9183205049019607 0.44847644062500003 0.9259784779411765 0.4977883828125 1 0.6383508078125 1
2 0.4042270765625 1 0.41625878906249997 0.9918376617647059 0.44847644062500003 0.9688635490196079 0.45140527343750003 0.9244469975490196 0.47483618125 0.9030043651960784 0.48167028749999996 0.8800302549019609 0.42504541093750003 0.8141710710784315 0.4240690921875 0.8172344142156863 0.31374816875 0.9259784779411765 0.24859009687500003 1 0.4042270765625 1
2 0.5832045890625001 0.7161481299019609 0.5373189703125 0.670199906862745 0.5324375 0.6671365661764705 0.48264660625 0.7513752303921569 0.5353662109374999 0.8539929926470589 0.6027303468749999 0.7575015318627452 0.580275634375 0.7161481299019609 0.580275634375 0.7146164607843137 0.5832045890625001 0.7161481299019609
2 0.6691181640625 0.8478664975490195 0.6007778328125 0.768222656862745 0.6027303468749999 0.7636280245098038 0.5363425296875 0.8539929926470589 0.5627023921875 0.8953462009803921 0.5929674078125 0.9412946151960785 0.6144458 0.9474211102941177 0.673999634375 0.9014728872549019 0.6691181640625 0.8478664975490195
2 0.673023315625 0.4527113970588236 0.593943725 0.5706452965686275 0.6456871343749999 0.6365044803921569 0.720861571875 0.5170391004901961 0.6779046625 0.4603695612745098 0.673023315625 0.4527113970588236
2 0.818701171875 0.2199069387254902 0.7159801031249999 0.057556487745098035 0.7159801031249999 0.04989851470588235 0.6613078609375 0.14332663235294119 0.7833441156250001 0.2827029730392157 0.818701171875 0.2199069387254902
2 0.398685546875 0.5920879289215687 0.463120728125 0.4787488504901961 0.46116821249999995 0.4741540294117647 0.404543334375 0.3715362671568627 0.34791845625 0.5063177843137254 0.398685546875 0.5920879289215687
2 0.6622840578125 0.14792145343137256 0.6124932859375 0.22143861029411765 0.7257430421875 0.3745994191176471 0.784320434375 0.2827029730392157 0.6632603765625 0.1540477549019608 0.6622840578125 0.14792145343137256
2 0.6398294671875 0.5109126078431373 0.5373189703125 0.3715362671568627 0.5334136968750001 0.3745994191176471 0.488504271875 0.4389271225490196 0.5861334234375 0.5798349411764706 0.6398294671875 0.5109126078431373
2 0.6905965578125 0.4220793112745098 0.509006346875 0.121884 0.5041249999999999 0.1249473431372549 0.48167028749999996 0.17855353921568629 0.6613078609375 0.45883788970588235 0.6905965578125 0.4220793112745098
2 0.26688623125 0.7728176691176472 0.25595703125 0.7864583333333334 0.26688623125 0.7651595049019607 0.237597534375 0.7973234534313726 0.31277197343749996 0.9290416274509804 0.3537761234375 0.8968780637254902 0.26688623125 0.7728176691176472
2 0.785296753125 0.8432716764705882 0.74429248125 0.8049814264705881 0.74429248125 0.8080445759803921 0.7023120125 0.8555246617647059 0.79310705625 0.9366996004901961 0.8165380859375 0.8616509656862744 0.785296753125 0.8432716764705882
2 0.7794389640625 0.7069584852941176 0.6749759515625 0.5936194093137255 0.6759521484375 0.5920879289215687 0.63592419375 0.6380361519607843 0.6046829828125 0.683984375 0.7179327390625 0.8325505514705883 0.7452687984375 0.798854931372549 0.741363646875 0.7666913676470588 0.7794389640625 0.7069584852941176
2 0.48167028749999996 0.7529067083333334 0.3967329109375 0.6058722034313726 0.40063806093750004 0.5966825588235294 0.2688388671875 0.7575015318627452 0.3537761234375 0.8846250759803922 0.4143061515625 0.8172344142156863 0.48167028749999996 0.7529067083333334
2 0.7658388453125 1 0.7872493890625 0.9520157401960784 0.699383178125 0.8616509656862744 0.6501668359375 0.9259932034313726 0.724396765625 1 0.7658388453125 1
2 0.7415299 0 0.7101223140624999 0.05449314460784314 0.818701171875 0.2122489656862745 0.8184906 0.05449314460784314 0.818551509375 0 0.7415299 0
2 0.8184796999999999 0.24289637009803922 0.7247667234375 0.3745994191176471 0.8175144046874999 0.5155074289215686 0.8184796999999999 0.24289637009803922
2 0.18683044375 0.1923380049019608 0.181948975 0.3209932205882353 0.18390148906249998 0.3041454117647059 0.18125 0.4772171789215686 0.264933715625 0.35315678676470585 0.18683044375 0.1923380049019608
2 0.1839806265625 0 0.18487780781250002 0.19846450000000002 0.263957396875 0.09431506617647059 0.23146053906250003 0 0.1839806265625 0
2 0.23937650000000002 1 0.307890503125 0.9275101495098039 0.24052636718749998 0.798854931372549 0.2278345953125 0.7712861911764707 0.210261353125 0.7651595049019607 0.18487780781250002 0.7820073137254903 0.181948975 0.7896654803921569 0.181948975 0.9688635490196079 0.209479003125 1 0.23937650000000002 1
2 0.8183976171875 1 0.8175144046874999 0.8677772671568628 0.8155617671875 0.8693089387254902 0.7594576140625 1 0.8183976171875 1
2 0.8184906 0.6426309754901961 0.7384348140625 0.7697545196078431 0.7745574953125 0.8325505514705883 0.818701171875 0.7605646838235294 0.818701171875 0.645694125 0.8184906 0.6426309754901961
2 0.8184906 0.8570561421568627 0.818701171875 0.7590332034313725 0.8145854484375 0.7636280245098038 0.77651013125 0.8417400049019608 0.8184906 0.8570561421568627
2 0.818701171875 0.6334413284313725 0.786273071875 0.5691138161764706 0.785296753125 0.5752401200980393 0.7618658453125 0.5951510808823529 0.7403873296875 0.5783034607843137 0.720861571875 0.5966825588235294 0.6905965578125 0.5645188039215686 0.671070678125 0.5936194093137255 0.7755338140625 0.6977688431372548 0.818701171875 0.6334413284313725
2 0.7833441156250001 0.5737084485294117 0.818701171875 0.5201022524509804 0.7745574953125 0.4481167671568627 0.7205818890625 0.38572293627450976 0.673999634375 0.4527113970588236 0.7247667234375 0.5170391004901961 0.699383178125 0.5691138161764706 0.7189089359375 0.5905562573529411 0.742339965625 0.5737084485294117 0.756984375 0.5951510808823529 0.7833441156250001 0.5737084485294117
2 0.2688388671875 0.7575015318627452 0.18292529375 0.6135303700980392 0.18125 0.6150620392156863 0.18390148906249998 0.7850704656862745 0.2210006109375 0.7590332034313725 0.24052636718749998 0.7881336176470588 0.2688388671875 0.7575015318627452
2 0.4806939703125 0.746780406862745 0.5851571046874999 0.5844297647058824 0.5832045890625001 0.581366612745098 0.488504271875 0.4435217524509804 0.3967329109375 0.604340725490196 0.4806939703125 0.746780406862745