1 0.628271484375 0.6907169117647058 0.7110986328125 0.9290416274509804 0.8155617671875 0.8340820318627451 0.7462451171875 0.6211883431372549 0.630066528125 0.6885791985294117 0.628271484375 0.6907169117647058
1 0.7140275875000001 0.3363091691176471 0.7267192390625 0.42361098284313725 0.79701220625 0.37919424019607845 0.786273071875 0.2903609460784314 0.70914611875 0.3347776887254902 0.7140275875000001 0.3363091691176471
1 0.21221398906250002 0.6211883431372549 0.18125 0.6426309754901961 0.18125 0.7942603014705882 0.24345532187500002 0.7712861911764707 0.21221398906250002 0.6211883431372549
1 0.1815482171875 0 0.18390148906249998 0.19846450000000002 0.193664428125 0.2505392156862745 0.193664428125 0.24288105147058822 0.23369238281250002 0.22450195343137253 0.18653311875 0 0.1815482171875 0
2 0.5587972406249999 0.41442114705882355 0.5968725593750001 0.6303781789215687 0.7462451171875 0.5446078431372549 0.70852964375 0.3610347524509804 0.5587972406249999 0.41442114705882355
2 0.608141565625 0 0.5295085453125 0.04070887009803922 0.566607665625 0.302613931372549 0.673023315625 0.25207069607843136 0.630239453125 0 0.608141565625 0
2 0.394916428125 0 0.25028930625 0.09737840931372549 0.264933715625 0.19080633333333333 0.5011960453125 0.04377201960784314 0.4889362984375 0 0.394916428125 0
3 0.5929674078125 0.7896654803921569 0.5744178468750001 0.7375905710784314 0.57246533125 0.7391222426470588 0.5324375 0.7605646838235294 0.5490343015625 0.8202975637254901 0.5929674078125 0.7896654803921569
3 0.7316007078125 0.10503638235294117 0.71005859375 0.039675245098039214 0.7179327390625 0.03151903431372549 0.68669140625 0.05142999264705882 0.6984068609375 0.12647882107843136 0.7316007078125 0.10503638235294117
0 0.2972142328125 0.9994956348039216 0.3538391109375 0.9703952205882352 0.324550415625 0.8172344142156863 0.270820778125 0.8383071642156862 0.2972142328125 0.9994956348039216
2 0.29991110625 1 0.25035229531250003 0.768222656862745 0.188845946875 0.8034497549019608 0.1859171140625 0.8034497549019608 0.21994559531250002 1 0.29991110625 1
2 0.5686231687500001 0.9137254901960784 0.5188322750000001 0.7575015318627452 0.5217611078125 0.7513752303921569 0.41241650312499994 0.8187658921568628 0.4543970953125 0.9857113578431372 0.5686231687500001 0.9137254901960784
2 0.726043059375 0 0.7804782718750001 0.21837546078431372 0.818701171875 0.20459099264705882 0.818701171875 0 0.726043059375 0
2 0.6232954109375 0.7008319926470589 0.5783861078125 0.7222744338235294 0.6574655765624999 0.9627372475490197 0.6984698484375 0.9167890245098039 0.625247925 0.7084901568627451 0.6232954109375 0.7008319926470589
2 0.818701171875 0.5936194093137255 0.8185535890625 0.4986596200980392 0.8107432859375001 0.5078494558823529 0.595959228125 0.6303781789215687 0.612556275 0.6962371715686275 0.818701171875 0.5936194093137255
2 0.818701171875 0.8478664975490195 0.818701171875 0.6028090539215686 0.8185535890625 0.5997459019607843 0.7482606203125 0.6334413284313725 0.818701171875 0.8478664975490195
1 0.37336486875 0.6410993039215686 0.3889855953125 0.7222744338235294 0.5793623046875 0.6058722034313726 0.5520261234375 0.5721769681372549 0.5237137453125 0.5614556519607843 0.5032116703125 0.5492028578431373 0.32162145937500003 0.6303781789215687 0.37336486875 0.6410993039215686
1 0.40167736875 0.39910520098039215 0.415345459375 0.4573062205882353 0.5510499265625 0.3745994191176471 0.5373818359375 0.3240563725490196 0.4036298828125 0.3929787058823529 0.40167736875 0.39910520098039215
0 0.39759044062500004 1 0.4553734125 0.978053193627451 0.36838594375 0.6541335759803922 0.29428540000000003 0.6732630588235294 0.359956553125 1 0.39759044062500004 1
2 0.7404503171875 0.2949557671568628 0.7199482421875001 0.2336914068627451 0.7209245609375 0.2382862279411765 0.569599365625 0.2995505906862745 0.5783861078125 0.3822573921568628 0.7404503171875 0.2949557671568628
2 0.2425419921875 0.2505392156862745 0.280617309375 0.4465850955882353 0.3196689453125 0.42361098284313725 0.275735840625 0.2444127230392157 0.24058935468749998 0.24288105147058822 0.2425419921875 0.2505392156862745