2 0.90508410625 0 0.8299013671875001 0.27369217156862746 0.9148481453124999 0.2920693553921569 0.980224609375 0 0.90508410625 0
2 0.8084205328125 0 0.7410489499999999 0.24153186274509805 0.8308776859375 0.2752236519607843 0.904541015625 0 0.8084205328125 0
2 0.718591675 0 0.681488525 0.14505150980392156 0.753742065625 0.18793160294117647 0.8056640625 0 0.718591675 0
2 0.67953564375 0.15117723529411764 0.653076171875 0.2301623774509804 0.7381197515625 0.2476577818627451 0.755694946875 0.1909945612745098 0.67953564375 0.15117723529411764
2 0.692138671875 0.08080575980392157 0.5975180671875 0.01947361274509804 0.5662731937500001 0.2093717450980392 0.6531728515624999 0.22928040686274512 0.692138671875 0.08080575980392157
2 0.882568359375 0.2856924019607843 0.8308776859375 0.44980736764705886 0.8670046390625 0.48196748529411765 0.9119189453125 0.2920693553921569 0.882568359375 0.2856924019607843
2 0.7810812984375 0.5998881740196079 0.82763671875 0.6265318627450981 0.8660280765625 0.4789047181372549 0.8308776859375 0.452870137254902 0.7810812984375 0.5998881740196079
2 0.87890625 0.28760723039215685 0.7849869390624999 0.2629720049019608 0.7117569578125 0.52637925 0.779128540625 0.6014196544117647 0.87890625 0.28760723039215685
2 0.784912109375 0.2627144607843137 0.56334399375 0.21243470343137255 0.5174532468749999 0.4421501617647059 0.7137097171875 0.5233162916666667 0.784912109375 0.2627144607843137
2 0.527217284375 0.38395565196078435 0.576171875 0.14399509803921567 0.46375122031249993 0.09451401715686274 0.4168839109375 0.3502640539215686 0.527217284375 0.38395565196078435
2 0.41297839375 0.357921262254902 0.462646484375 0.07697610294117647 0.3543942875 0.028662301470588236 0.3006922609375 0.2890065857843137 0.41297839375 0.357921262254902
2 0.478515625 0.6399356617647058 0.527217284375 0.3824241740196079 0.40907275312499997 0.3472010955882353 0.3700168453125 0.5861052401960783 0.478515625 0.6399356617647058
2 0.6160697015625 0.6397055 0.618896484375 0.48674938725490197 0.518429565625 0.44368163970588237 0.48523193437499995 0.6106081495098039 0.6160697015625 0.6397055
2 0.81134973125 0.7392488137254902 0.823974609375 0.6265318627450981 0.7840106203125 0.6029511323529412 0.7127332765625 0.5248477720588235 0.6180224609375 0.4850304460784314 0.620951659375 0.7147459019607844 0.81134973125 0.7392488137254902
2 0.6150932625000001 0.8372608382352941 0.621337890625 0.6380208333333334 0.48523193437499995 0.6182653578431372 0.45789282187499997 0.7606889558823529 0.6150932625000001 0.8372608382352941
2 0.3514650875 0.6703343284313725 0.41259765625 0.3488817401960784 0.29971594218750003 0.290537875 0.2401555171875 0.6289855245098039 0.3514650875 0.6703343284313725
2 0.3495123296875 0.9659015 0.380859375 0.7758884803921569 0.2284387203125 0.6902429926470589 0.199146728125 0.9505872769607843 0.3495123296875 0.9659015