2 0.3328125 0.7720588235294118 0.2875 0.23039215686274508
2 0.62890625 0.49142156862745096 0.3796875 0.32598039215686275
1 0.4625 0.22303921568627452 0.3875 0.20098039215686275
1 0.6296875 0.7769607843137255 0.2984375 0.22303921568627452
2 0.63515625 0.05759803921568627 0.3640625 0.11519607843137254
2 0.65859375 0.9546568627450981 0.1890625 0.09068627450980392
1 0.3 0.9497549019607843 0.190625 0.10049019607843138
1 0.51796875 0.9546568627450981 0.0890625 0.09068627450980392
2 0.28671875 0.06372549019607843 0.1734375 0.12745098039215685
2 0.41484375 0.056372549019607844 0.0734375 0.11274509803921569
2 0.221875 0.23284313725490197 0.0765625 0.20098039215686275
0 0.296875 0.4950980392156863 0.23125 0.3137254901960784
0 0.7375 0.21568627450980393 0.14375 0.19117647058823528