2 0.019775390625 0 0.0851518546875 0.2920693553921569 0.17009863281249998 0.27369217156862746 0.09491589375000001 0 0.019775390625 0
2 0.095458984375 0 0.1691223140625 0.2752236519607843 0.25895104999999996 0.24153186274509805 0.19157946718750002 0 0.095458984375 0
2 0.1943359375 0 0.246257934375 0.18793160294117647 0.318511475 0.14505150980392156 0.281408325 0 0.1943359375 0
2 0.346923828125 0.2301623774509804 0.32046435624999997 0.15117723529411764 0.244305053125 0.1909945612745098 0.2618802484375 0.2476577818627451 0.346923828125 0.2301623774509804
2 0.4024819328125 0.01947361274509804 0.307861328125 0.08080575980392157 0.3468271484375 0.22928040686274512 0.43372680625 0.2093717450980392 0.4024819328125 0.01947361274509804
2 0.1691223140625 0.44980736764705886 0.117431640625 0.2856924019607843 0.08808105468750001 0.2920693553921569 0.1329953609375 0.48196748529411765 0.1691223140625 0.44980736764705886
2 0.17236328125 0.6265318627450981 0.21891870156249998 0.5998881740196079 0.1691223140625 0.452870137254902 0.1339719234375 0.4789047181372549 0.17236328125 0.6265318627450981
2 0.2150130609375 0.2629720049019608 0.12109375 0.28760723039215685 0.220871459375 0.6014196544117647 0.2882430421875 0.52637925 0.2150130609375 0.2629720049019608
2 0.43665600624999995 0.21243470343137255 0.215087890625 0.2627144607843137 0.2862902828125 0.5233162916666667 0.482546753125 0.4421501617647059 0.43665600624999995 0.21243470343137255
2 0.423828125 0.14399509803921567 0.472782715625 0.38395565196078435 0.5831160890625 0.3502640539215686 0.5362487796875001 0.09451401715686274 0.423828125 0.14399509803921567
2 0.537353515625 0.07697610294117647 0.58702160625 0.357921262254902 0.6993077390625 0.2890065857843137 0.6456057125 0.028662301470588236 0.537353515625 0.07697610294117647
2 0.472782715625 0.3824241740196079 0.521484375 0.6399356617647058 0.6299831546875 0.5861052401960783 0.590927246875 0.3472010955882353 0.472782715625 0.3824241740196079
2 0.381103515625 0.48674938725490197 0.38393029843750004 0.6397055 0.514768065625 0.6106081495098039 0.481570434375 0.44368163970588237 0.381103515625 0.48674938725490197
2 0.28726672343750004 0.5248477720588235 0.2159893796875 0.6029511323529412 0.176025390625 0.6265318627450981 0.18865026875 0.7392488137254902 0.379048340625 0.7147459019607844 0.3819775390625 0.4850304460784314 0.28726672343750004 0.5248477720588235
2 0.378662109375 0.6380208333333334 0.38490673750000004 0.8372608382352941 0.542107178125 0.7606889558823529 0.514768065625 0.6182653578431372 0.378662109375 0.6380208333333334
2 0.58740234375 0.3488817401960784 0.6485349125 0.6703343284313725 0.7598444828125 0.6289855245098039 0.7002840578125 0.290537875 0.58740234375 0.3488817401960784
2 0.619140625 0.7758884803921569 0.6504876703125 0.9659015 0.8008532718750001 0.9505872769607843 0.7715612796875 0.6902429926470589 0.619140625 0.7758884803921569