2 0.2528926421875 0.010308268733850129 0.25110377968750003 0.008829105943152454 0.2484202640625 0.301694677002584 0.4657852828125 0.2972575607235142 0.468468575 0.014745385012919898 0.2528926421875 0.010308268733850129
2 0.005114515625 0.020662033591731268 0.0033256546875 0.026578310077519377 0.002431 0.31944425064599485 0.2493146953125 0.30317383979328166 0.2484202640625 0.0029124573643410853 0.005114515625 0.020662033591731268
2 0.02032118125 0.6285806020671835 0.022110265625 0.6300597648578812 0.0337387609375 0.8134703049095607 0.3691784828125 0.7912836149870801 0.43805546875 0.5679364392764858 0.02032118125 0.6285806020671835
1 0.32914477343750004 1 0.3638114515625 0.7912836149870801 0.0346331921875 0.8179077906976744 0.035527846875000005 0.8179077906976744 0.051484954687499994 1 0.32914477343750004 1
2 0.52213911875 0.7750132041343669 0.41390382499999995 0.7735344108527132 0.3781236859375 0.9525078346253231 0.379912546875 0.9613824366925064 0.52213911875 0.9761736873385013 0.52213911875 0.7750132041343669
2 0.4657852828125 0.5620201627906977 0.4657852828125 0.5679364392764858 0.411220309375 0.7661386020671834 0.743976515625 0.7794506899224807 0.72787541875 0.5575826770025839 0.4657852828125 0.5620201627906977
2 0.6053281140625 0.2514046485788114 0.604433684375 0.2588004573643411 0.4783082078125 0.532437661498708 0.7994359203125 0.5220838966408269 0.804802953125 0.18780253229974161 0.6053281140625 0.2514046485788114
0 0.7395041375 0 0.60801163125 0.24105088372093023 0.6115895765625 0.248446322997416 0.7967524046875 0.17744876744186047 0.8065920375 0 0.7395041375 0
2 0.81374793125 0.004391620155038759 0.81374793125 0.0014332971576227391 0.8056973828125 0.18188588372093023 0.9738646828125 0.1715321188630491 0.9756535453125 0 0.81374793125 0.004391620155038759
2 0.810169984375 0.19519797157622737 0.810169984375 0.19815629457364342 0.8065920375 0.5368751472868217 0.9837040937499999 0.5265213824289406 0.9756535453125 0.18928169250645996 0.810169984375 0.19519797157622737
2 0.9023041828125 0.5561035142118863 0.7359259671875 0.5531451912144704 0.7323480203125 0.5546243514211886 0.7323480203125 0.5575826770025839 0.7618666968750001 0.9791320129198966 0.921983225 0.977652850129199 0.9023041828125 0.5561035142118863
2 0.526611496875 0.7720552480620154 0.52750615 0.7794506899224807 0.5203500328125 0.9761736873385013 0.7582885265625 0.980611173126615 0.7475544625 0.7794506899224807 0.526611496875 0.7720552480620154
2 0.9058821296874999 0.550186865633075 0.90409304375 0.5531451912144704 0.920194140625 0.816428630490956 0.9997763359375 0.7927627777777778 0.9997763359375 0.5383539405684754 0.9058821296874999 0.550186865633075
2 0.199222321875 0.3090904857881137 0 0.3238817364341085 0.0183256 0.6003202713178295 0.195644375 0.5827276899224806 0.199222321875 0.3090904857881137
2 0.20280049218750001 0.5768110413436692 0.459523596875 0.5546243514211886 0.6572093484375 0.011787059431524548 0.4908313578125 0.010308268733850129 0.20280049218750001 0.5768110413436692