3 0.6071249187500001 0.4204305775700935 0.601907371875 0.42199086728971963 0.6123427921875 0.48440053457943927 0.6606060015625 0.47972005233644865 0.6514752125000001 0.4110692242990654 0.6071249187500001 0.4204305775700935
3 0.29667416874999997 0.0428508261682243 0.29667416874999997 0.050652278504672896 0.2992831046875 0.11930310654205607 0.3566774296875 0.10994136448598131 0.3579817359375 0.036610056074766355 0.29667416874999997 0.0428508261682243
3 0.13883985625 0.3611411009345794 0.134926940625 0.3595808112149533 0.1362312453125 0.41730999626168225 0.1936255703125 0.40170748224299063 0.18319015 0.33773752523364486 0.13883985625 0.3611411009345794
3 0.022747228124999998 0.5842563906542056 0.021442596875 0.588937261682243 0.034486953125000004 0.6747508953271029 0.091880953125 0.6419855757009346 0.0801412265625 0.5670939757009347 0.022747228124999998 0.5842563906542056
1 0.763654925 0.4828402429906542 0.7610459875 0.4890814056074766 0.783221134375 0.6076599663551402 0.8510505546875 0.5764553289719626 0.8367018921874999 0.46723811962616824 0.763654925 0.4828402429906542
1 0.8758343125 0.6778710859813084 0.8732257015625 0.6778710859813084 0.8732257015625 0.7496424953271028 0.9854054140624999 0.7106364037383177 0.9788832359375 0.648226738317757 0.8758343125 0.6778710859813084
2 0.6006027390625001 0.49064169532710283 0.5849500984375 0.40170748224299063 0.41407142812500003 0.41730999626168225 0.41407142812500003 0.4282316392523364 0.4401598171875 0.7059555327102804 0.697129484375 0.6357448037383178 0.6749546640624999 0.4890814056074766 0.6006027390625001 0.49064169532710283
2 0.6345176125 0.15206803551401868 0.6332133078125 0.15986948785046728 0.6749546640624999 0.47659947289719623 0.9240978468750001 0.44695473457943924 0.8562681015625 0.13490562242990656 0.6345176125 0.15206803551401868
2 0.697129484375 0.6326242242990654 0.6919119375 0.6373050953271029 0.7349576 0.9103481177570094 0.8810521859374999 0.8401369981308412 0.854963796875 0.5904975514018691 0.697129484375 0.6326242242990654
2 0.6253868234375 0.6607086710280373 0.6227778859375 0.6716303140186917 0.6553884546875001 0.9259506317757009 0.7323486625 0.9009863738317757 0.6932162421875 0.6466664467289719 0.6253868234375 0.6607086710280373
2 0.401027396875 0.49376227663551403 0.21580039062499998 0.523407014953271 0.21188715 0.5265272056074766 0.23797553749999997 0.7636847177570093 0.35406849375 0.743401723364486 0.4192893015625 0.685672538317757 0.401027396875 0.49376227663551403
2 0.2014520546875 0.3533400392523365 0.19884311875 0.3595808112149533 0.21058284375 0.5062442093457944 0.4049406390625 0.4859608242990654 0.39450521875 0.3314963626168224 0.2014520546875 0.3533400392523365
2 0.386690609375 1 0.45189954375 0.9665170112149533 0.4218982390625 0.6903530186915888 0.33319797812499996 0.7574439457943924 0.2353666015625 0.7683655887850467 0.23928017031249998 0.7777269420560747 0.2627586515625 1 0.386690609375 1
2 0 0 0.00057208125 0.37206274392523364 0.1727547296875 0.3252555925233645 0.1571017609375 0.2347610878504673 0.15579745625000002 0.23164089719626169 0.0318780171875 0.24412282990654208 0.0266604703125 0 0 0
1 0.0266604703125 0.18483335514018692 0.022747228124999998 0.18327306355140188 0.0384001953125 0.25192389158878503 0.161015003125 0.22227915514018692 0.15971069843750002 0.1661102598130841 0.0266604703125 0.18483335514018692
1 0.258845546875 1 0.22101826406249997 0.7231183383177571 0.035791259375 0.7746063607476635 0.0397045015625 0.7761666523364487 0.057966406250000005 0.9493542074766355 0.205365296875 0.8947456037383178 0.218409328125 0.9977220411214953 0.258738434375 1 0.258845546875 1
2 0.8432240703125 0.46411753831775704 0.8380065234374999 0.47659947289719623 0.8575727328125 0.5826964897196262 0.9606213312499999 0.5530513626168224 0.9214889109375 0.44539444299065417 0.8432240703125 0.46411753831775704
2 0.1571017609375 0.03348947476635514 0.15449315 0.038170345794392525 0.17014611875000002 0.18795393644859815 0.2901519890625 0.1707911308411215 0.273194715625 0.024128121495327105 0.1571017609375 0.03348947476635514
1 0.3618949765625 0.014766379439252337 0.3697214609375 0.1177428168224299 0.2979788 0.1302247495327103 0.2914566203125 0.13646591214953271 0.29536986249999997 0.16923084112149533 0.4492909328125 0.14894784485981308 0.43102902812500005 0 0.3618949765625 0.014766379439252337
2 0.175363665625 0.19575499813084113 0.176667971875 0.20043586915887848 0.19884311875 0.3564606205607477 0.30841389375 0.3361772355140187 0.2927609265625 0.17235142056074768 0.175363665625 0.19575499813084113
2 0.6345176125 0.25972534392523366 0.6240825171875 0.15050774579439252 0.2992831046875 0.16923084112149533 0.29536986249999997 0.1770322934579439 0.3149360734375 0.33773752523364486 0.3971141546875 0.3283761719626168 0.3971141546875 0.29717114392523364 0.6345176125 0.25972534392523366
2 0.232757990625 0.7153172747663552 0.2014520546875 0.523407014953271 0.0853591 0.5639733943925234 0.0879677109375 0.5702141663551401 0.1075339203125 0.6607086710280373 0.034486953125000004 0.6622689607476636 0.05013992187500001 0.7652450093457943 0.232757990625 0.7153172747663552
2 0.210582040625 1 0.1975388125 0.9009863738317757 0.06454538125 0.9550416261682243 0.06709685 1 0.210582040625 1
0 0.6397354859375 0.8713420261682243 0.6162557078125 0.6700700224299065 0.43912458125000003 0.7340887009345795 0.4558127859375 0.9306311121495328 0.6397354859375 0.8713420261682243
2 0.711478146875 0 0.711478146875 0.0007241551401869159 0.7180003265625 0.13178504112149533 0.959317025 0.11150165607476635 0.9462729937500001 0.003844736448598131 0.711478146875 0
2 0.558861709375 0.0022844467289719625 0.5614703203125 0.025688022429906542 0.46494357500000005 0.03504976448598131 0.458421721875 0.041290536448598134 0.461030659375 0.14894784485981308 0.711478146875 0.13490562242990656 0.7075649046875 0.0022844467289719625 0.558861709375 0.0022844467289719625
2 0.401027396875 0.3065324971962617 0.3984184609375 0.3096530785046729 0.41146281875 0.4204305775700935 0.6579970640624999 0.3845450672897196 0.6423440968749999 0.2800083401869159 0.401027396875 0.3065324971962617
2 0.027964774999999997 0.049091988785046725 0.0266604703125 0.053772469158878504 0.033182321875 0.18327306355140188 0.1649282453125 0.15830919813084113 0.146666340625 0.02724831214953271 0.027964774999999997 0.049091988785046725