1 0.8516260984375 0.07919960049019607 0.8486328125 0.07697610294117647 0.8301452640625 0.18793160294117647 0.9814873046875 0.26756644362745097 0.9971098625 0.1573029632352941 0.8516260984375 0.07919960049019607
1 0.857484496875 0 0.8486970218750001 0.06694814705882353 0.849673340625 0.0638853774509804 0.9912513421875 0.1481142769607843 0.9998779296875 0.011816406862745099 0.9590301515625 0 0.857484496875 0
1 0.7129772953125 0.9949988504901961 0.7735140375 0.8311351102941176 0.62158203125 0.7012101715686274 0.6202192390625 0.7040259264705881 0.57725756875 0.8862668504901962 0.7129772953125 0.9949988504901961
1 0.0021578375 0.17874310784313727 0.0041105953125 0.1772116274509804 0.1935322265625 0.2920693553921569 0.200367065625 0.24000057352941176 0.0021578375 0.1297370931372549 0.0021578375 0.17874310784313727
1 0.42298632812500003 0.9659015 0.4513020015625 0.8556380220588236 0.39564709531250003 0.8357295490196079 0.3946707765625 0.828072343137255 0.36635510312499997 0.9490557990196078 0.42298632812500003 0.9659015
1 0.590927246875 0 0.57725756875 0.04857096323529412 0.6729449468750001 0.09757697549019607 0.6875909421874999 0 0.590927246875 0
1 0.16521667499999998 0 0.3243699953125 0.0822625612745098 0.3360866703125 0.01947361274509804 0.34096875 0.01947361274509804 0.30777111874999996 0.004159198529411765 0.16521667499999998 0
2 0.5831160890625 0.651956955882353 0.44544348125 0.5922309656862745 0.4114096546875 0.8271053235294118 0.5284375 0.8862668504901962 0.5831160890625 0.651956955882353
2 0.08124621562499999 0.7637519142156862 0.080269896875 0.7698776421568627 0.150570678125 0.8127579264705882 0.21110742187499998 0.508002068627451 0.13885388125 0.4651217843137255 0.08124621562499999 0.7637519142156862
2 0.0041105953125 0.7162773823529411 0.0050869140625000005 0.7178086715686275 0.0753878171875 0.7744720808823529 0.14080664062499998 0.46665326225490195 0.084175415625 0.44980736764705886 0.0041105953125 0.7162773823529411
2 0.174980590625 0.699431487745098 0.176933471875 0.7024944460784314 0.34194506874999997 0.7714091225490196 0.37416638125 0.6044826127450981 0.2072019046875 0.5462879142156862 0.174980590625 0.699431487745098
2 0.3028890375 0.13126857352941176 0.24332873593749998 0.10829695098039216 0.14729654375 0.45924556617647055 0.20915466249999998 0.5018761495098039 0.3028890375 0.13126857352941176
3 0.6524404296874999 0.6136711078431373 0.6514639890625 0.6167338774509804 0.68466174375 0.6458312279411765 0.704189696875 0.5769165514705883 0.6661099859374999 0.5508823529411765 0.6524404296874999 0.6136711078431373
3 0.20134338437500002 0.8418552769607842 0.20654296875 0.8295036764705882 0.24821069375000002 0.8632952279411764 0.2618802484375 0.8112264485294117 0.2140366203125 0.7928492647058824 0.20134338437500002 0.8418552769607842
1 0.893611328125 0.8496110980392156 0.8633430171875001 0.9999234068627451 0.9917958984374999 0.9999234068627451 0.9941805421875 0.9999234068627451 0.9998779296875 0.9124000465686274 0.893611328125 0.8496110980392156
0 0.799876953125 0.27072801715686273 0.8184284671875 0.1819046789215686 0.7156708171874999 0.14050318137254902 0.7022369390625001 0.2247849656862745 0.799876953125 0.27072801715686273
0 0.989298584375 0.3917114730392157 0.8301452640625 0.30288813480392157 0.8075102421875 0.4278549607843137 0.9336437984374999 0.5402607990196078 0.989298584375 0.3917114730392157
2 0.8252633062499999 0.18956188725490197 0.8516260984375 0.07470415931372548 0.69344921875 0.007320963235294118 0.69344921875 0.011915210784313724 0.67099194375 0.10839575735294117 0.8252633062499999 0.18956188725490197
2 0.660251709375 0.5341350710784314 0.6641572265625 0.5295408235294118 0.76375 0.6076441862745098 0.8096409906250001 0.4284660318627451 0.70321325625 0.3626141225490196 0.660251709375 0.5341350710784314
2 0.14568859843749998 0.8327653946078432 0.1447122796875 0.8342966838235295 0.11639660624999999 0.9999234068627451 0.31167675781250004 0.9999234068627451 0.32046435624999997 0.9399659166666667 0.14568859843749998 0.8327653946078432
2 0.7949949953125001 0.7470048259803921 0.6416999515625 0.6229586004901961 0.6280303953125 0.6934045661764706 0.632912475 0.6964673333333334 0.765703003125 0.8113252524509804 0.7949949953125001 0.7470048259803921
2 0.505004028125 0.9874404485294117 0.4991455078125 0.9996919044117647 0.5596823734374999 0.9999234068627451 0.625101196875 0.6765588627450981 0.5831160890625 0.6505242794117647 0.505004028125 0.9874404485294117
2 0.5655407718750001 0.9999234068627451 0.7217648921875 0.9999234068627451 0.5850688468749999 0.8894284240196079 0.5635880125 0.9996919044117647 0.5655407718750001 0.9999234068627451
2 0.962935790625 0.5770153578431373 0.962935790625 0.5785468357843138 0.8916585687499999 0.8434853700980391 0.9998779296875 0.9078057990196079 0.9998779296875 0.6015182671568627 0.962935790625 0.5770153578431373
1 0.539177978125 0.5371980318627451 0.5460128171874999 0.5816096053921569 0.5674935296875 0.6244898897058824 0.6416999515625 0.3258597573529412 0.58995080625 0.3013566568627451 0.5831160890625 0.22019052450980392 0.5313668218750001 0.5050379142156862 0.539177978125 0.5371980318627451
1 0.42005712968750003 0.5800783161764705 0.472782715625 0.36720856372549016 0.435679565625 0.34576842156862747 0.431773925 0.3488311887254902 0.3878359375 0.5586381740196078 0.42005712968750003 0.5800783161764705
0 0.8272160640624999 0.28451095343137256 0.6104552 0.17731043137254904 0.5982601546875 0.29354657843137255 0.8047589109375 0.4299975098039216 0.8272160640624999 0.28451095343137256
2 0.3331574703125 0.846548330882353 0.330228271875 0.8450168504901961 0.3692843015625 0.8771769681372549 0.4249390875 0.6229586004901961 0.3722135015625 0.6091754754901961 0.3331574703125 0.846548330882353
2 0.19157946718750002 0.07317267892156863 0.0656237796875 0.008852252450980392 0.042298840625 0.09573955392156862 0.1691223140625 0.1650589779411765 0.19157946718750002 0.07317267892156863
2 0.4513020015625 0.21712775735294118 0.4659479984375 0.15587028921568627 0.34096875 0.09614430147058824 0.3360866703125 0.09308134068627451 0.3370631109375 0.14821308333333333 0.4513020015625 0.21712775735294118
0 0.0011813968750000001 0.9629373480392157 0.00390625 0.9513633578431373 0.1134674078125 0.9999234068627451 0.14568859843749998 0.8266394754901961 0 0.737816330882353 0.0011813968750000001 0.9629373480392157
1 0.050977782812500004 0.538729512254902 0.0021578375 0.5019749534313726 0.00020495625 0.5035064338235294 0 0.6934045661764706 0.050977782812500004 0.538729512254902