2 0.46786080312499995 1 0.45243491406249997 0.7078105755258126 0.45574379531250003 0.7024122160611854 0.2550046890625 0.6821690382409178 0.270446496875 0.9966147609942638 0.45198420781250004 1 0.46786080312499995 1
2 0.20978350781250002 0.44869669789674954 0.2086806390625 0.44869669789674954 0.0002757859375 0.4190063900573614 0.0024269171874999997 0.6578770917782027 0.2539020953125 0.6578770917782027 0.2152984 0.44734710707456976 0.20978350781250002 0.44869669789674954
2 0.2660185734375 1 0.24838720312499998 0.67137265583174 0.250592940625 0.6659746309751434 0.0079415328125 0.661925862332696 0.01676530625 0.9979643518164435 0.2343572140625 1 0.2660185734375 1
2 0.2130923890625 0.4392495659655832 0.2197101484375 0.20712681644359465 0.22191588593749997 0.2057772256214149 0.0002757859375 0.16798971510516253 0.0002757859375 0.40821000573613764 0.2130923890625 0.4392495659655832
2 0.6917698609375 1 0.68517735625 0.7422404608030593 0.6829536671875001 0.7401997265774378 0.4546409265625 0.7037618049713193 0.47118532812499997 0.9993139407265775 0.62523414375 1 0.6917698609375 1
2 0.932222834375 0.686217808795411 0.914575565625 0.29754665391969404 0.913472421875 0.2961970650095602 0.8373681749999999 0.2880998604206501 0.8506036953124999 0.7361512925430211 0.932222834375 0.686217808795411
1 0.8881045234375 0.2880998604206501 0.8969280203125001 0.20307804588910133 0.89913403125 0.19767968451242832 0.7546461671875 0.18283486998087953 0.7513372859375 0.26515750478011474 0.8881045234375 0.2880998604206501
2 0.803176503125 0.2894494512428298 0.55059845625 0.25436112045889103 0.42265499218749997 0.23546719694072657 0.42927275312499996 0.695664602294455 0.8119999999999999 0.7536952906309752 0.803176503125 0.2894494512428298
2 0.6862625484375 0.0019948546845124284 0.5858932703125 0.0019948546845124284 0.5858932703125 0.2624583231357553 0.6840568124999999 0.26515750478011474 0.6884685609375001 0.011441648183556405 0.6862625484375 0.0019948546845124284
2 0.998400440625 0.7631420822179732 0.6873654171875 0.738850135755258 0.692880309375 0.9696236347992352 0.8539125765625 0.922389328871893 1 0.9102433556405354 0.998400440625 0.7631420822179732
2 0.0002757859375 0.006043288718929254 0.0024269171874999997 0.16124210133843211 0.21750413750000003 0.199029275334608 0.2296298265625 0.00011422944550669217 0.0002757859375 0.006043288718929254
2 0.9620027578125001 0.1153570497131931 0.9421494765625 0 0.9388405953125 0.004694036328871893 0.690674571875 0.000645265774378585 0.692880309375 0.09376428298279159 0.9620027578125001 0.1153570497131931
2 0.228533921875 0 0.22191588593749997 0.2057772256214149 0.491038609375 0.2395159674952199 0.489935465625 0 0.48883259843750004 0 0.228533921875 0
2 0.583687259375 0.003622193116634799 0.48883259843750004 0.003622193116634799 0.48772972968749995 0.24114330401529635 0.5770694984375 0.24924050669216063 0.5814812468749999 0.010369806883365201 0.583687259375 0.003622193116634799
2 0.4314787640625 0.7026903001912046 0.41603723125 0.23709453346080306 0.4127283515625 0.23304610133843212 0.2241221734375 0.21010374378585087 0.21860728125 0.4462752657743786 0.2561078328125 0.6797476061185468 0.4314787640625 0.7026903001912046
2 1 0.6392612523900574 0.98957666875 0.35045706692160616 0.98957666875 0.35855426959847037 0.9840620515625 0.30187317208413006 0.9167813015625 0.2897271988527724 0.9267079421875 0.6190177380497133 1 0.6392612523900574
2 0.9697236625000001 0.2006566137667304 0.9620027578125001 0.12238274952198853 0.9686205187500001 0.1210331586998088 0.6873654171875 0.08999359847036328 0.6851596796874999 0.16826746271510518 0.9697236625000001 0.2006566137667304
1 1 0.9115986826003825 0.8550220625 0.9250942466539197 0.8473315843749999 1 1 1 1 0.9115986826003825
1 0.8990623281250001 0.1960769847036329 0.8925226140625 0.24896849713193114 0.8484043015625 0.28810559847036327 0.891419746875 0.2827072370936902 0.8990623281250001 0.1960769847036329