1 0.6538250875 0 0.648054809375 0.19123621323529413 0.7842882078125 0.20650218382352942 0.7883427734375 0.20650218382352942 0.7915864265625 0.011861213235294118 0.7459523421875 0 0.6538250875 0
2 0.6407564703124999 0.2103186274509804 0.64400024375 0.06401979901960785 0.39586071718750004 0.010589000000000001 0.3861297609375 0.15307119362745097 0.6383237312500001 0.2154072843137255 0.6407564703124999 0.2103186274509804
2 0.18638941874999998 0 0.1825905765625 0.10727347549019609 0.385318846875 0.13017252696078432 0.3869406734375 0.13144454656862745 0.3882198578125 0 0.18638941874999998 0
2 0.5661525875 0.43930798039215685 0.78104455625 0.4533019289215687 0.7850991203125 0.44694106127450983 0.7891536859375 0.2586607696078431 0.5685852046875 0.2103186274509804 0.5661525875 0.43930798039215685
2 0.5702071531249999 0.6733861838235293 0.716140990625 0.666893955882353 0.717793334375 0.6644808897058824 0.726713378125 0.44694106127450983 0.57101794375 0.44312461764705885 0.5702071531249999 0.6733861838235293
2 0.5645306390625 0.6797468602941177 0.5645306390625 0.2166794950980392 0.48668310625 0.20904660784313725 0.48427723437500003 0.6896215196078432 0.5645306390625 0.6797468602941177
2 0.383697021875 0.18233111274509803 0.37964245625 0.6822912843137254 0.37964245625 0.6886519607843138 0.479384765625 0.6975572524509804 0.4858720703125 0.19759688970588235 0.383697021875 0.18233111274509803
2 0.1817796625 0.7026459093137255 0.3699114984375 0.6886519607843138 0.371533325 0.6822912843137254 0.3780206296875 0.23957835539215686 0.34477319375 0.24466720343137255 0.305849365625 0.2357619093137255 0.27990014687500003 0.16579293137254902 0.181298828125 0.13653320343137257 0.1817796625 0.7026459093137255
2 0.6542633359375001 1 0.6496766359375 0.7013736985294117 0.5450687249999999 0.7128232230392157 0.5514792015625 1 0.6542633359375001 1
2 0.4736999078125 1 0.46641015625 0.7140952426470588 0.46559924375 0.7102787990196078 0.3123366703125 0.7230005367647059 0.3256093875 1 0.4736999078125 1
2 0.55011555 1 0.540203246875 0.7001014852941176 0.4688428953125 0.711551012254902 0.47579579687500007 1 0.55011555 1
2 0.258275509375 1 0.3123366703125 0.9837940416666666 0.3082821046875 0.7217283235294117 0.1817796625 0.736994294117647 0.1817796625 1 0.258275509375 1
2 0.7703115046875 1 0.772935425 0.7077345661764706 0.655353028125 0.7102787990196078 0.659603821875 1 0.7703115046875 1
2 0.7218479 0.6632088700980393 0.8142919921875 0.6810190710784313 0.81591381875 0.6772026274509804 0.8183465578125 0.460934818627451 0.72995703125 0.4558461617647059 0.7218479 0.6632088700980393