1 0.825 0.7034313725490197 0.1375 0.4338235294117647
1 0.5875 0.9705882352941176 0.2171875 0.056372549019607844
1 0.5173289734375001 0.11685607598039216 0.5215140609375 0.11849651715686274 0.5079123609375 0.20547070343137255 0.7035631125 0.2382908210784314 0.705655984375 0.1414709093137255 0.5173289734375001 0.11685607598039216
1 0.7087946374999999 0.13983046813725492 0.7108868546875 0.1463942867647059 0.709841071875 0.24485463970588237 0.9044453890625 0.24485463970588237 0.9002609546875 0.13983046813725492 0.7087946374999999 0.13983046813725492
1 0.350973184375 0.09224124509803922 0.3551582734375 0.09388168627450981 0.3488803140625 0.17921440441176473 0.5026808375 0.20875261274509804 0.51209745 0.11193270098039217 0.350973184375 0.09224124509803922
1 0.3384179203125 0.08731786764705882 0.23902289062499998 0.0955231544117647 0.2411157625 0.13983046813725492 0.282965990625 0.1742910269607843 0.3415565734375 0.16444529901960783 0.3384179203125 0.08731786764705882
1 0 0.4352115318627451 0.12707325 0.36957129411764705 0.136489209375 0.26454712254901963 0.0046605625 0.2694694730392157 0 0.2694694730392157 0 0.4352115318627451
2 0.510004578125 0.6403385514705883 0.5079123609375 0.6386970857843137 0.513143884375 0.9258738897058824 0.6366023546874999 0.9143877205882354 0.6261399609375 0.6419789950980392 0.510004578125 0.6403385514705883
2 0.5037272734375 0.4631092990196079 0.5037272734375 0.47295502696078434 0.5079123609375 0.6452609044117648 0.6240470890625 0.6304928259803921 0.627186396875 0.4598273897058824 0.5037272734375 0.4631092990196079
2 0.5037272734375 0.2235217181372549 0.5026808375 0.2235217181372549 0.48280183125000004 0.44998063480392153 0.6920542843749999 0.448340193627451 0.7004244609375 0.24649610784313727 0.5037272734375 0.2235217181372549
2 0.6303250484375 0.4663912083333333 0.6292786140625 0.4696731176470588 0.6345101375 0.694491593137255 0.7443675609375 0.6977735024509805 0.7443675609375 0.4696731176470588 0.6303250484375 0.4663912083333333
2 0.8939829953125 0.48608368872549024 0.8897979078124999 0.4844422205882353 0.89921451875 0.9258738897058824 0.9993459781249999 0.9291557990196079 0.991285153125 0.513980431372549 0.8939829953125 0.48608368872549024
2 0.631371484375 0.694491593137255 0.6334637015625 0.7076202573529412 0.641833878125 0.9225919803921568 0.756922825 0.9209515392156863 0.749599084375 0.6961330612745098 0.631371484375 0.694491593137255
2 0.4503682140625 0.4516221029411765 0.44409025468749996 0.45654548039215687 0.435720078125 0.6354151764705882 0.5068659249999999 0.6370566446078431 0.5037272734375 0.4581859215686274 0.4503682140625 0.4516221029411765
2 0.44304447343750003 0.6403385514705883 0.4367665140625 0.6501842794117647 0.4294427734375 0.9143877205882354 0.51209745 0.9160281617647058 0.5079123609375 0.6386970857843137 0.44304447343750003 0.6403385514705883
2 0.3698057546875 0.6485438382352942 0.36248201406249997 0.6485438382352942 0.344695225 0.9061824338235295 0.4294427734375 0.9111047843137254 0.43467429687500003 0.6386970857843137 0.3698057546875 0.6485438382352942
1 0.394916284375 0.448340193627451 0.388638325 0.4516221029411765 0.366667103125 0.6304928259803921 0.4263041203125 0.6304928259803921 0.4399051671875 0.4516221029411765 0.394916284375 0.448340193627451
2 0.43258142499999996 0.999243387254902 0.4294427734375 0.9193100710784313 0.23831400937499997 0.8899841151960785 0.24843950312500002 0.9947970612745098 0.43258142499999996 0.999243387254902
2 0.30389143281250003 0.6436204607843138 0.29865990781249996 0.6469023700980392 0.29028973125 0.8946952377450981 0.346788096875 0.901259056372549 0.361435578125 0.6436204607843138 0.30389143281250003 0.6436204607843138
2 0.22960693281250003 0.6206460710784314 0.2233289734375 0.6337747352941175 0.219143884375 0.8635155612745098 0.28401242656250003 0.8946952377450981 0.296567690625 0.6452609044117648 0.22960693281250003 0.6206460710784314
1 0.39596206718750004 0.2809566666666667 0.33946435625000004 0.3548021911764706 0.3384179203125 0.3679308529411765 0.454553303125 0.436853 0.4807096140625 0.21367599019607844 0.41584107187499997 0.20382923529411764 0.39596206718750004 0.2809566666666667
0 0.9993459781249999 0.24485463970588237 0.9013067359375 0.2530599264705882 0.8981680843750001 0.25798330392156865 0.875150425 0.3449564632352941 0.8803812953125 0.4352115318627451 0.9993459781249999 0.4581859215686274 0.9993459781249999 0.24485463970588237
0 0.8479476781249999 0.4270072720588235 0.8531785484375 0.37777658088235294 0.8772426421875 0.3909042181372549 0.8709653375 0.32526398039215687 0.9013067359375 0.25141845833333337 0.7077482015625 0.24321419852941176 0.7025173312499999 0.24813654901960783 0.7046095484375 0.3137767867647059 0.7527377375000001 0.33182779901960785 0.7621536953125 0.3991095049019608 0.8479476781249999 0.4270072720588235
2 0.0057063437500000005 0.6698767622549019 0.0015219093750000001 0.668235294117647 0 0.7978753259803922 0.09673119687500001 0.8110039877450981 0.09882406875000001 0.6928511519607843 0.0057063437500000005 0.6698767622549019
2 0.11347155 0.609158875 0.110332896875 0.609158875 0.0946389796875 0.8520283676470588 0.218098103125 0.8651570294117646 0.22123675625 0.6173641617647059 0.11347155 0.609158875
2 0.0025676906249999997 0.48608368872549024 0.0004754734375 0.48608368872549024 0.0015219093750000001 0.6616714754901961 0.100916284375 0.689568218137255 0.10300915625 0.513980431372549 0.0025676906249999997 0.48608368872549024
2 0.08731523906250001 0.824131625 0.007799215625 0.8011572352941178 0.0041857421875 0.8067813137254902 0.0036141265625 0.8126444289215686 0.0036141265625 0.999243387254902 0.0705748859375 0.999243387254902 0.08731523906250001 0.824131625
1 0.3290013078125 0.42864771323529416 0.31749247812500003 0.4811603112745098 0.3750372796875 0.49264750735294116 0.3750372796875 0.42536580392156864 0.3290013078125 0.42864771323529416
1 0.89502943125 0.1414709093137255 0.905491825 0.15459957107843136 0.905491825 0.25470036764705883 0.9975631125 0.23993126470588233 0.9993459781249999 0.13162518137254903 0.89502943125 0.1414709093137255
0 0.7119332890625001 0.033163801470588235 0.7140261609375 0.038087176470588235 0.7087946374999999 0.12670180392156863 0.8960752125000001 0.1414709093137255 0.8929365593749999 0.023318073529411763 0.7119332890625001 0.033163801470588235
0 0.52674493125 0.016754254901960784 0.52674493125 0.01839572303921569 0.5173289734375001 0.10700932352941177 0.705655984375 0.12506136274509805 0.7077482015625 0.029881892156862745 0.52674493125 0.016754254901960784
0 0.5141896671875 0.11193270098039217 0.5246527140625 0.005267058823529412 0.34693132968749996 0.0020069730392156863 0.3488803140625 0.08403595833333333 0.5141896671875 0.11193270098039217
0 0.007799215625 0.0905997769607843 0.0015219093750000001 0.08567639950980392 0.0015219093750000001 0.24649610784313727 0.13335055625 0.24157273039215685 0.130211903125 0.08895830882352941 0.007799215625 0.0905997769607843
2 0.26099476718750003 0.0019851495098039216 0.2578554609375 0.00034368137254901966 0.23902289062499998 0.07747111519607844 0.34364944375 0.07911258088235293 0.3426030078125 0.00034368137254901966 0.26099476718750003 0.0019851495098039216