2 0.8662720953124999 0.3380124093137255 0.86572265625 0.3431372549019608 0.8535789796875 0.9999234068627451 0.9990626218750001 0.996530330882353 0.9998779296875 0.3962071078431373 0.8662720953124999 0.3380124093137255
2 0.635841675 0.8142894068627451 0.6387708734374999 0.8173521764705882 0.631936034375 0.9999234068627451 0.8535789796875 0.9949988504901961 0.85650805625 0.808163487745098 0.635841675 0.8142894068627451
2 0.6387708734374999 0.6106081495098039 0.635841675 0.6152025882352942 0.6338889156249999 0.8051007205882352 0.8526025390624999 0.8020377598039216 0.8535789796875 0.6014196544117647 0.6387708734374999 0.6106081495098039
2 0.635841675 0.5861052401960783 0.6407236328125 0.5968254068627451 0.85650805625 0.5952939264705882 0.8613900140625 0.3517953431372549 0.73152893125 0.25072054901960783 0.635841675 0.5861052401960783
2 0.8291689453125001 0.18640031372549018 0.8770125734375 0.20477749754901958 0.8789653312500001 0.32422947303921573 0.9590301515625 0.35332682352941175 0.975629028125 0.042445235294117645 0.975629028125 0.030193779411764706 0.8252633062499999 0.011816406862745099 0.8291689453125001 0.18640031372549018
1 0.7793725578124999 0 0.7686320796875 0.2522520294117647 0.7696085203125 0.24918907107843136 0.8291689453125001 0.30125804166666664 0.8164757078125 0 0.7793725578124999 0
0 0.5372252203125 0 0.542236328125 0.0003829656862745098 0.5264847406250001 0.060822419117647054 0.622171996875 0.14045706862745097 0.631936034375 0.0010964313725490196 0.5372252203125 0
2 0.7793725578124999 0 0.635841675 0.0010964313725490196 0.6321982078125 0.13538829901960783 0.76375 0.2476577818627451 0.7793725578124999 0
2 0.42005712968750003 0.5570078897058823 0.422010009375 0.5646650955882353 0.40541113281249996 0.9276156568627452 0.6309597171875 0.935272862745098 0.6309597171875 0.6167338774509804 0.42005712968750003 0.5570078897058823
2 0.6006911625 0.14198854901960783 0.58702160625 0.32576095343137257 0.4288447265625 0.26909773284313726 0.4298211671875 0.2767549411764706 0.41419873125000006 0.5217848112745098 0.631936034375 0.6014196544117647 0.7237176515625 0.24000057352941176 0.6006911625 0.14198854901960783
2 0.47180639687500003 0.027130821078431375 0.47082995624999996 0.030193779411764706 0.4307974859375 0.26450348529411766 0.5831160890625 0.3196352254901961 0.6026440421875 0.13739430147058823 0.47180639687500003 0.027130821078431375
2 0.1251842046875 0.8663581887254901 0.1525234375 0.4972819019607843 0.0041105953125 0.47584175980392157 0.0021578375 0.47124750980392155 0.00020495625 0.874015394607843 0.1251842046875 0.8663581887254901
2 0.2296590578125 0.8632952279411764 0.23747033750000002 0.5432251446078432 0.1554526375 0.5325049779411765 0.154476196875 0.5294420196078432 0.128113403125 0.8648267083333333 0.2296590578125 0.8632952279411764
2 0.174004271875 0.44827588970588234 0.17595703125 0.44674440931372544 0.41908068906249996 0.48656192647058827 0.4298211671875 0.25378350980392156 0.18376831093749998 0.21549747303921568 0.174004271875 0.44827588970588234
2 0.41322241249999997 0.025599340686274508 0.40541113281249996 0 0.187673828125 0.002627911764705882 0.1866973875 0 0.18572106875 0.21396618382352942 0.4288447265625 0.2522520294117647 0.46399511718750003 0.0638853774509804 0.41322241249999997 0.025599340686274508
2 0.17302783125 0.20477749754901958 0.0011813968750000001 0.18180606617647058 0.0031341546875 0.4651217843137255 0.0060633546875 0.45746457598039214 0.1378774421875 0.4804361985294118 0.1378774421875 0.452870137254902 0.1583818359375 0.4344929534313725 0.17302783125 0.20477749754901958
2 0.1827918703125 0.19712028921568628 0.1818154296875 0.0010964313725490196 0.0041105953125 0.004142460784313726 0.0041105953125 0.16955441911764704 0.1827918703125 0.19712028921568628
2 0.2882430421875 0.9999234068627451 0.2882430421875 0.9995930980392157 0.2843374015625 0.8770781642156863 0.13494824218749998 0.8832038921568628 0.1359246828125 0.9995930980392157 0.2882430421875 0.9999234068627451
2 0.0021578375 0.8816726029411764 0.0021578375 0.8832038921568628 0.0021578375 0.9995930980392157 0.12908984375000002 0.9995930980392157 0.1251842046875 0.875546875 0.0021578375 0.8816726029411764
2 0.2999599609375 0.8602324607843138 0.29605432187499997 0.8632952279411764 0.293125121875 0.9999234068627451 0.399552734375 0.9999234068627451 0.40150549375000005 0.8632952279411764 0.2999599609375 0.8602324607843138
2 0.3312047125 0.8464495245098039 0.40150549375000005 0.8479808137254903 0.4151751703125 0.5217848112745098 0.23258825625 0.5095333553921568 0.2394230953125 0.5110648357843137 0.234541015625 0.8556380220588236 0.28238464375 0.8663581887254901 0.3019127203125 0.8464495245098039 0.3312047125 0.8464495245098039