1 0.4025906984375 0.507466681372549 0.3811123046875 0.3083576519607843 0.2698151859375 0.3083576519607843 0.3000802 0.5243144926470588 0.30593786562499997 0.5227828210784313 0.4025906984375 0.507466681372549
2 0.3303452140625 0.7341448382352941 0.32351110781250003 0.7372079877450981 0.5060775140625 0.7203601789215686 0.5168167718750001 0.5028718602941177 0.301056396875 0.5304407941176471 0.3303452140625 0.7341448382352941
3 0.624208740625 0.878116 0.5968725593750001 0.878116 0.5968725593750001 0.9255958946078431 0.6251850578125 0.9301907156862745 0.624208740625 0.878116
2 0.63787683125 0.5212511495098039 0.63787683125 0.14447533823529413 0.5216982421874999 0.1582599950980392 0.5216982421874999 0.5396304387254902 0.63787683125 0.5212511495098039
2 0.818262465625 1 0.8175144046874999 0.7142338774509804 0.6271375734375 0.7356763161764706 0.6271375734375 1 0.818262465625 1
2 0.5017206609375 1 0.5021723625 0.9255958946078431 0.25028930625 0.9470383357843137 0.243106503125 1 0.5017206609375 1
0 0.6438118625 0 0.6427583015625 0.13222273284313726 0.6456871343749999 0.13528588480392156 0.7452687984375 0.1306910612745098 0.7443221703125 0 0.6438118625 0
1 0.6186243124999999 0 0.52560339375 0.01122549019607843 0.52560339375 0.1383490343137255 0.5265797125 0.13528588480392156 0.6427583015625 0.13222273284313726 0.639885075 0 0.6186243124999999 0
2 0.6212098312500001 1 0.6203035890625 0.9255958946078431 0.5070538328125 0.9317221960784313 0.5092436234375 1 0.6212098312500001 1
2 0.23797631875 1 0.24736047343749998 0.9393803602941176 0.49729089374999996 0.9210008799019608 0.5011960453125 0.9194694019607843 0.50314868125 0.7280183431372549 0.21221398906250002 0.7632452524509804 0.18125 0.9792020906862745 0.18125 1 0.23797631875 1
1 0.7521029046875001 0.7035125612745098 0.7530792234375 0.507466681372549 0.643734496875 0.5227828210784313 0.6408056640625001 0.6958545882352942 0.6408056640625001 0.7019810808823529 0.7521029046875001 0.7035125612745098
2 0.2961749265625 0.5350356151960785 0.259075928125 0.3114208014705882 0.19854589843749998 0.3175471053921569 0.195617065625 0.5258459705882352 0.1975695796875 0.5396304387254902 0.2961749265625 0.5350356151960785
1 0.18139113281250002 0 0.181937609375 0.29457299264705883 0.2063562015625 0.29457299264705883 0.2073325203125 0.24096679656862746 0.2463841546875 0.2394353161764706 0.24870832968749998 0 0.18139113281250002 0
2 0.5373189703125 0.6590960098039216 0.5558684078125 0.6667539828431372 0.5509869390625 0.7004494093137256 0.5539157718750001 0.7065757132352941 0.6329953609375 0.7065757132352941 0.6339716796875 0.5243144926470588 0.5138878171875 0.5411621102941176 0.517793090625 0.6361217058823531 0.5363425296875 0.6299954044117646 0.5373189703125 0.6590960098039216
2 0.41660164999999993 0 0.418211303125 0.30682598039215686 0.42504541093750003 0.30682598039215686 0.5187692875 0.3083576519607843 0.5210373046875 0 0.41660164999999993 0
1 0.25911133125 0 0.2551707765625 0.26087775735294116 0.26688623125 0.3006996789215686 0.2678625484375 0.3052943088235294 0.361586425 0.2991680073529412 0.3494658421875 0 0.25911133125 0
2 0.35073757968749997 0 0.3596339109375 0.3006996789215686 0.36256274374999997 0.30376282843137253 0.419187621875 0.3052943088235294 0.41278094374999996 0 0.35073757968749997 0
2 0.5158404546875001 0.31448395343137253 0.39087524375 0.31448395343137253 0.4016143796875 0.5120615049019608 0.511935303125 0.4906190637254902 0.511935303125 0.4936822156862745 0.5158404546875001 0.31448395343137253
2 0.7472214359375 0.1276279093137255 0.643734496875 0.1414121862745098 0.6427583015625 0.5105300245098039 0.7491739500000001 0.5044035318627451 0.75015026875 0.5028718602941177 0.7472214359375 0.1276279093137255
2 0.7515764359375 0 0.7511265875 0.11996974509803922 0.75400390625 0.1254595588235294 0.818701171875 0.1169065955882353 0.818701171875 0 0.7515764359375 0
2 0.818701171875 0.6943229166666667 0.8184906 0.11996974509803922 0.75015026875 0.1276279093137255 0.7599132078124999 0.7081073848039215 0.7618658453125 0.7035125612745098 0.818701171875 0.6943229166666667