1 1 0.6931973421875 0.850430466367713 0.6975241359375 0.8485277062780269 0.70017653125 0.8675562152466367 0.8420807281249999 1 0.8410551015625 1 0.6931973421875
2 1 0.369931865625 0.8256933744394619 0.3805603796875 0.8218875515695068 0.384539184375 0.8466246434977578 0.6975241359375 1 0.6919275578125 1 0.369931865625
2 0.2262909529147982 0.1736720796875 0.243416701793722 0.395148765625 0.6258923654708519 0.37658200000000003 0.614475504484305 0.1515625 0.3252399260089686 0.1515625 0.2281937130044843 0.1696934875 0.2262909529147982 0.1736720796875
2 0 0.405103059375 0.19013639237668162 0.395148765625 0.176816466367713 0.18030327968749998 0 0.2386452953125 0 0.405103059375
2 0.8066645627802691 0.3805603796875 0.14827355156950672 0.42299912500000003 0.14637048878923767 0.41902053281249996 0.14256496860986548 0.49991921875 0.8218875515695068 0.46013286875 0.8066645627802691 0.3805603796875
2 0 0.5060348046875001 0.12163339686098654 0.5012454171875 0.1368563856502242 0.4110633484375 0 0.42028309999999997 0 0.5060348046875001
2 0.8237903116591928 0.602037278125 0.4087277623318386 0.60951163125 0.4127717331838565 0.615299253125 0.39184016143497763 0.8221875531249999 0.8333047174887893 0.8248399484375 0.8237903116591928 0.602037278125
2 0.4051600874439462 0.6113206609375 0.1368563856502242 0.62060404375 0.1387591457399103 0.62060404375 0.1273419798206278 0.8155565656249999 0.3728113497757848 0.8221875531249999 0.4051600874439462 0.6113206609375
2 0 0.8142303671875 0.12163339686098654 0.8142303671875 0.12163339686098654 0.659063984375 0.12353615695067265 0.6232564375 0 0.627292346875 0 0.8142303671875
2 0.14827355156950672 0.511854996875 0.14637048878923767 0.608668265625 0.8275961345291479 0.596732275 0.8218875515695068 0.46676406875 0.1558848946188341 0.5078764046875001 0.14827355156950672 0.511854996875
2 0 0.6228829453125 0.14066190582959642 0.61662545 0.1387591457399103 0.5092026015625 0 0.5121555156250001 0 0.6228829453125
2 1 0.1560724375 0.623989605381166 0.157757709375 0.6220868452914798 0.1657148953125 0.6335040112107624 0.3739293921875 1 0.3556092859375 1 0.1560724375