2 0.45169507112970714 0.3404616125 0.4024842175732217 0.5655569593750001 0.41478692887029284 0.5670882640625 0.7715661255230125 0.5594319359375 0.9027948953974895 0.3618992921875 0.45169507112970714 0.3404616125
2 0.029301744769874474 0.32668006875 0.021100108786610876 0.5533069125 0.033402820083682006 0.5533069125 0.3819798661087866 0.5594319359375 0.46809885774058574 0.341992725 0.029301744769874474 0.32668006875
2 0.1277234518828452 0.733995596875 0.18513594142259412 0.9989036953125 0.17283374058577408 1 0.4721994184100418 0.9989036953125 0.45169507112970714 0.7370582046874999 0.1277234518828452 0.733995596875
2 0.12362237656903766 0.5624943515624999 0.1445809790794979 0.729657284375 0.15232887866108785 0.7309331796875 0.45169507112970714 0.733995596875 0.43119071966527195 0.5670882640625 0.12362237656903766 0.5624943515624999
2 1 0.8151471421875 0.7715661255230125 0.8136210984375 0.4804015690376569 0.8182148187499999 0.4721994184100418 0.9973723906249999 0.47630049372384936 0.9958412796875 0.9971160376569037 0.9927786718749999 1 0.8532508171875 1 0.8151471421875
2 1 0.5762735390625 0.44349343096234306 0.5747443999999999 0.46809885774058574 0.805964771875 0.4804015690376569 0.8090273781249999 0.9930149623430963 0.815152403125 1 0.6004775234374999 1 0.5762735390625
2 0.07031095815899581 0.2026480953125 0.0457050209205021 0.319023740625 0.025200669456066947 0.32208654062500003 0.47630049372384936 0.332805284375 0.4968048451882845 0.224085775 0.07031095815899581 0.2026480953125
2 0.5706216401673639 0.11383496093750001 0.4804015690376569 0.3282113734375 0.4886032092050209 0.334336396875 0.6321352050209205 0.3373990046875 0.6690433430962344 0.3006488609375 0.7223547615062761 0.2746174609375 0.8617856820083682 0.24858587031249998 0.9274003221757322 0.247054565625 0.9807122510460251 0.13680394375 0.5706216401673639 0.11383496093750001
2 0.1687326652719665 0.0001914609375 0.08671423430962344 0.181210415625 0.06620988284518828 0.190398046875 0.500905920502092 0.22255447031250003 0.6075297782426777 0.031146849999999997 0.1687326652719665 0.0001914609375
2 1 0.1179574421875 0.9930149623430963 0.0051154515625 0.6444379163179916 0.0001914609375 0.5803747029288703 0.101665709375 0.623933569037657 0.11383496093750001 1 0.1306437234375 1 0.1179574421875
1 0.6895476945606694 0.2945236453125 0.6567406317991632 0.341992725 0.6608411924686193 0.341992725 0.894593259414226 0.3557742671875 0.9274003221757322 0.24858587031249998 0.7674650502092051 0.271554853125 0.6895476945606694 0.2945236453125
1 0.01699903347280335 0.5548380234375 0.00879739330543933 0.8105586828125 0.0046963179916317994 0.815152403125 0.11952181171548117 0.815152403125 0.0949163849372385 0.5670882640625 0.01699903347280335 0.5548380234375
1 0.17283374058577408 1 0.14412723849372386 0.8120899859374999 0.0046963179916317994 0.8136210984375 0.0457050209205021 0.9927786718749999 0.0457050209205021 1 0.17283374058577408 1