2 0.803313001858736 0.368679640625 0.790850187732342 0.142361328125 0.783372624535316 0.136074715625 0.5141766096654276 0.104641653125 0.4668182936802974 0.324673353125 0.803313001858736 0.368679640625
2 0.78088 0.377061878125 0.46183304460966546 0.328864340625 0.4418926672862454 0.519558340625 0.793342812267658 0.5551826531249999 0.78088 0.377061878125
2 0.49634117843866177 0.09827636875 0.42444460408921936 0.0836864515625 0.19762227881040892 0.08578181562500001 0.1427860873605948 0.47764767812500003 0.41696704089219333 0.511176365625 0.49634117843866177 0.09827636875
2 1 0.2146979046875 0.9584993011152417 0.1380905859375 0.7858652490706319 0.136074715625 0.8232533773234201 0.333055590625 1 0.3376042015625 1 0.2146979046875
2 0 0.46528708124999996 0.1303232750929368 0.471361065625 0.15275627695167288 0.142361328125 0.14777133828996283 0.142361328125 0 0.11807486874999999 0 0.46528708124999996
2 1 0.3435295515625 0.808298250929368 0.322577728125 0.803313001858736 0.5551826531249999 1 0.5723424296874999 1 0.3435295515625
2 0 0.615568825 0.6313268661710038 0.683010528125 0.6412970539033457 0.561469003125 0.6338191784386616 0.5677558781250001 0 0.49298483906249996 0 0.615568825
2 0.9913257360594796 0.5910838843749999 0.6487746171003718 0.561469003125 0.6238489907063197 0.850653703125 0.855656879182156 0.8590356796874999 0.8506716282527881 0.8066471546875 0.9354183828996282 0.7500679031249999 0.9553590724907062 0.7039657296875 0.9977324498141265 0.588711078125 0.9913257360594796 0.5910838843749999
2 0.6213566784386617 0.683010528125 0.12035308736059479 0.639004240625 0.08794989776951673 0.9156151921875001 0.5751291710037174 0.9203125 0.6114088828996282 0.9203125 0.6263416152416357 0.687201515625 0.6213566784386617 0.683010528125
2 0 0.8833861890625 0.08047202230483272 0.8862777546875 0.09293483643122677 0.766832115625 0.09293483643122677 0.7626408671875 0 0.7522497359375 0 0.8833861890625
2 0 0.7446604265625 0.09792008550185873 0.754258890625 0.09792008550185873 0.6328202078125 0 0.6242360640625 0 0.7446604265625