2 0.090678734375 1 0.2489456375 0.991059961130742 0.23141231874999998 0.5509816996466431 0.03416330625 0.5410697385159011 0.0330995171875 0.5457900035335689 0.0402550375 1 0.090678734375 1
1 0.6820170984375 0.05143265371024735 0.6899070578125001 0.12874348409893993 0.7267268734375001 0.10297337102473499 0.7276036828125 0.15253169964664312 0.687277071875 0.15054930742049472 0.684647084375 0.15847887632508834 0.69779701875 0.5271934840989398 0.83280315625 0.5291758763250883 0.8301731703125 0.08116754770318022 0.6820170984375 0.05143265371024735
1 0.8468296796875 0.07918515547703181 0.8424462953124999 0.08711472791519435 0.8494596671875 0.5212463074204947 0.96780929375 0.5192639151943462 0.9415094249999999 0.09900858657243816 0.8468296796875 0.07918515547703181
0 0.687277071875 0.5608931660777385 0.6864004828125 0.5648579540636043 0.6986738265625 0.9752018127208482 0.8468296796875 0.9613250636042404 0.8371865406250001 0.5569283816254418 0.687277071875 0.5608931660777385
0 0.9730692671875 0.5866637738515901 0.8406931171875 0.5628755583038869 0.8512130640625 0.9593426713780918 0.9818358171874999 0.9553783816254416 0.9932325734375 0.8503140565371025 0.9730692671875 0.5866637738515901
2 0.44970144687499997 0.06332651236749118 0.443564884375 0.07125608127208481 0.45057803593749995 0.5133172332155477 0.6767571234374999 0.5232286996466431 0.6601006140625 0.06530890459363958 0.44970144687499997 0.06332651236749118
2 0.1218294609375 0.03557400706713781 0.1200762828125 0.1069381554770318 0.08150306874999999 0.10892055123674911 0.07536650624999999 0.16640795053003532 0.03416330625 0.16839034275618373 0.03416330625 0.18226659717314486 0.0324099078125 0.5073700565371024 0.2349191140625 0.515299625441696 0.214755809375 0.039538791519434624 0.1218294609375 0.03557400706713781
2 0.2217691796875 0.05341504593639576 0.22264576875 0.055397438162544166 0.2410556765625 0.49547619434628976 0.44268807499999996 0.5053876607773852 0.4374281015625 0.049450257950530034 0.2217691796875 0.05341504593639576
2 0.49791801874999997 0.5489993074204947 0.49879460781249996 0.5608931660777385 0.5058079796875 0.9712370282685512 0.6881538796875 0.9672722438162544 0.6820170984375 0.5589107738515902 0.49791801874999997 0.5489993074204947
2 0.355898509375 0.5450345229681979 0.353268521875 0.5529635971731449 0.3576519078125 0.9851132791519435 0.5040545812499999 0.9771837102473497 0.4944112234375 0.5430521307420495 0.355898509375 0.5450345229681979
2 0.2401790875 0.5529635971731449 0.2419324859375 0.5569283816254418 0.2585889953125 0.9870956713780918 0.3550219203125 0.9752018127208482 0.349761946875 0.537105448763251 0.2401790875 0.5529635971731449
3 0.088516440625 0.02764443816254417 0.085886453125 0.03557400706713781 0.088516440625 0.09900858657243816 0.1165694875 0.09702619434628976 0.1165694875 0.02764443816254417 0.088516440625 0.02764443816254417