2 0.578234009375 0.15117723529411764 0.57628125 0.1573029632352941 0.5635880125 0.4559330955882353 0.857484496875 0.4926876544117647 0.87310705625 0.17874310784313727 0.578234009375 0.15117723529411764
2 0.46399511718750003 0.7392488137254902 0.461066040625 0.7469060196078432 0.45716039999999997 0.9995930980392157 0.7803489984375 0.9995930980392157 0.8086645515625 0.8020377598039216 0.46399511718750003 0.7392488137254902
2 0.8291689453125001 0.7928492647058824 0.8545552984375 0.4942189411764706 0.5616231421875 0.46096928431372547 0.553823975 0.7484375 0.8291689453125001 0.7928492647058824
1 0.8584609375 0.8204151348039216 0.857484496875 0.8234779019607844 0.8399093015625001 0.9949988504901961 0.9951571046875 0.996530330882353 0.9998779296875 0.844918044117647 0.8584609375 0.8204151348039216
2 0.57432836875 0 0.5821395265625 0.1481142769607843 0.8682249750000001 0.16955441911764704 0.87310705625 0.0010964313725490196 0.57628125 0 0.57432836875 0
2 0.460089478125 0.7515004607843138 0.26969140625 0.7070886960784314 0.27164428749999997 0.7147459019607844 0.24821069375000002 0.9368043431372548 0.39564709531250003 0.9980618112745099 0.45716039999999997 0.9980618112745099 0.460089478125 0.7515004607843138
2 0.552847534375 0.7515004607843138 0.553823975 0.5937624460784313 0.4307974859375 0.5677280563725491 0.431773925 0.5769165514705883 0.40541113281249996 0.7377175245098039 0.460089478125 0.7530319387254902 0.460089478125 0.736186044117647 0.552847534375 0.7515004607843138
2 0.2657858890625 0.5171905637254902 0.2667623296875 0.5202535245098039 0.256021971875 0.6948372401960784 0.40541113281249996 0.7377175245098039 0.43372680625 0.5646650955882353 0.2657858890625 0.5171905637254902
2 0.27652624531250003 0.36710975735294116 0.27164428749999997 0.3717040049019608 0.26969140625 0.5141276029411764 0.5518712156250001 0.5876367181372549 0.5596823734374999 0.41917873039215686 0.27652624531250003 0.36710975735294116
2 0.4249390875 0.14658298774509804 0.4181043703125 0.3824241740196079 0.5655407718750001 0.4145842916666667 0.5713991703125 0.15117723529411764 0.4249390875 0.14658298774509804
1 0.2735970453125 0.2338748455882353 0.27652624531250003 0.23846909558823529 0.27457348593750003 0.3762984460784314 0.41419873125000006 0.3854869411764706 0.42005712968750003 0.24459482352941175 0.2735970453125 0.2338748455882353
1 0.431773925 0 0.4288447265625 0.0010964313725490196 0.42689196718750005 0.1435200294117647 0.5704228515625 0.1527087156862745 0.5694464109374999 0 0.431773925 0
2 0.27945544375 0 0.280431884375 0.2277491200980392 0.422010009375 0.2430633431372549 0.425915528125 0 0.27945544375 0
2 0.246257934375 0.9398671102941176 0.27066796875 0.705557406862745 0.1339719234375 0.6320482916666667 0.13201904375 0.6335797720588235 0.12323144531250001 0.8250093823529412 0.1964614265625 0.8694209558823529 0.1866973875 0.9123012401960784 0.246257934375 0.9398671102941176
2 0.084175415625 0.3885498995098039 0.154476196875 0.43908739215686277 0.1398302 0.6167338774509804 0.14178308125 0.6274542352941177 0.255045409375 0.6917744705882353 0.2735970453125 0.25990923774509805 0.150570678125 0.22009191176470588 0.084175415625 0.3885498995098039
2 0.9551245125 0.3456696151960784 0.8926350093750001 0.33648112009803927 0.891357421875 0.3393075980392157 0.8545552984375 0.797443512254902 0.9998779296875 0.8418552769607842 0.9998779296875 0.4972819019607843 0.9551245125 0.3456696151960784
2 0.8984932859375 0.0010964313725490196 0.8955640875 0.004159198529411765 0.8867764890625001 0.3226981838235294 0.9998779296875 0.3548583014705882 0.9998779296875 0.0010964313725490196 0.8984932859375 0.0010964313725490196