0 0.5136389796875 0.6199398700564971 0.8506981359375001 0.5945519745762712 0.8301720687499999 0.02430593220338983 0.6097872765625 0.03602340395480226 0.5125635328125 0.23108881920903954 0.5136389796875 0.6199398700564971
1 0.3883221234375 0.5711172768361582 0.40344664999999996 0.5945519745762712 0.4045270125 0.6394686638418079 0.510398028125 0.6277514378531074 0.510398028125 0.2586536525423729 0.5071570765625 0.25474799152542377 0.3548323875 0.5633059548022599 0.3883221234375 0.5711172768361582
2 0.538486359375 0.6433745706214689 0.5341650453125 0.6511863785310734 0.5255225546875 0.9851317514124295 0.653 0.9675556666666666 0.6594820375 0.6316573418079096 0.538486359375 0.6433745706214689
2 0.661642625 0.975367231638418 0.7858791187499999 0.9597438559322033 0.7739955421875 0.6238455310734463 0.764272825 0.6199398700564971 0.6594820375 0.6238455310734463 0.661642625 0.975367231638418
2 0.8571800375 0.5925992655367232 0.9987016484375 0.6023637853107345 0.9630511890625 0.03016454802259887 0.9662921390625 0.02430593220338983 0.83233279375 0.026258887005649715 0.8571800375 0.5925992655367232
1 0.287852646875 0.6746208333333333 0.2943345484375 0.6863383050847458 0.28677228593750004 0.9999175903954802 0.511478390625 0.9831787966101695 0.5222816046875 0.6511863785310734 0.287852646875 0.6746208333333333
1 0.7849245125000001 0.6237459350282486 0.791280659375 0.9148274096045198 0.8204492171875 0.9245919293785311 0.82477039375 0.9636497598870057 0.9998649374999999 0.9577911468926553 0.996541059375 0.6062694463276836 0.7849245125000001 0.6237459350282486
0 0.042620475000000005 0.8484289745762712 0.100957725 0.8562405423728814 0.10311831406250001 0.99684897740113 0.102037953125 0.998801929378531 0.2856920578125 0.9999175903954802 0.283531334375 0.6668092683615819 0.0274960828125 0.7371136073446328 0.042620475000000005 0.8484289745762712
1 0.48447042187499995 0.10632774576271187 0.4596231765625 0.11413931073446328 0.433695434375 0.09265756497175141 0.367796190625 0.1219508757062147 0.363474878125 0.12585653672316383 0.3937237984375 0.4539435395480226 0.590341571875 0.047740875706214686 0.48447042187499995 0.05945810451977401 0.48447042187499995 0.10632774576271187
1 0.358073203125 0.11218635875706215 0.27921015625 0.15319714124293785 0.20358792499999998 0.24107756779661016 0.1387687734375 0.28208835028248586 0.0912348734375 0.2703711242937853 0.030737034375 0.31138190677966104 0.00048811406249999996 0.38559215254237283 0.003729065625 0.38949781355932206 0.01777323125 0.6843853531073446 0.332145596875 0.6004108333333333 0.3915630734375 0.45784920056497175 0.358073203125 0.11218635875706215
2 0.2316761203125 0.1883493107344633 0.3710371421875 0.09461027401129944 0.43153484531249997 0.053599488700564975 0.4596231765625 0.07898714124293786 0.47798852031249994 0.002824186440677966 0 0 0.003729065625 0.0008712344632768362 0 0.3367695593220339 0.10527890312499999 0.2449834717514124 0.153893165625 0.2586536525423729 0.2316761203125 0.1883493107344633