3 0.43931991562499995 0.14029825459317585 0.5273557656250001 0.14029825459317585 0.5290324953125001 0.1360734251968504 0.526517190625 0.014964790026246719 0.4418352203125 0.009332034120734908 0.43931991562499995 0.14029825459317585
2 0.152575053125 0.5458703517060368 0.3496073375 0.6092410472440944 0.3521226421875 0.6092410472440944 0.38314486406250003 0.17550411811023622 0.17688972812499998 0.15578859580052493 0.152575053125 0.5458703517060368
2 0.1760513625 0.14593101049868767 0.0653779875 0.131848593175853 0.0637008390625 0.1107251469816273 0.0008182390625000001 0.11635825459317586 0.0016568140625000001 0.506439656167979 0.14838301874999998 0.5430537979002624 0.1500597484375 0.548686905511811 0.1760513625 0.14593101049868767
1 0.0016568140625000001 0.7331658818897638 0.1760513625 0.7627389921259843 0.1810817609375 0.7599224383202099 0.1752127875 0.5669937979002625 0.00020964375 0.5289717349081364 0.0016568140625000001 0.7331658818897638
2 0.36197021406249996 0.7587134094488189 0.35631488437500003 0.6148741522309712 0.180243396875 0.5613610446194226 0.1903046125 0.7711882992125985 0.35463794531250004 0.7993531312335957 0.36197021406249996 0.7587134094488189
2 0.3236157234375 0.9922817690288713 0.3236157234375 0.8035779606299213 0.1592826 0.7740048530183727 0.1467060796875 1 0.3236157234375 0.9922817690288713
2 0.00020964375 0.996506249343832 0.1458675046875 1 0.1433522015625 0.996506249343832 0.1576056609375 0.7768214068241469 0.00020964375 0.7585141601049868 0.00020964375 0.996506249343832
2 0.5357400421875 0.3712489580052493 0.717680503125 0.42476206824146984 0.7126498953125 0.42194551443569556 0.7310953875 0.07551928346456692 0.5474779875 0.02904720472440945 0.5357400421875 0.3712489580052493
2 0.5424473796875 0.6585293254593176 0.9884949687500001 0.6979600183727035 0.9893335437499999 0.6909189868766404 0.9968794546874999 0.4979903490813648 0.543285953125 0.3811065433070866 0.5424473796875 0.6585293254593176
2 0.9901719078125 0.8613155485564304 0.9918488468750001 0.693735188976378 0.54496289375 0.6697951863517061 0.5550239 0.9993228005249344 0.9901719078125 0.8613155485564304
2 0.3269696015625 1 0.546639621875 0.9979145249343833 0.5483165624999999 0.9950979711286089 0.546639621875 0.8218848556430446 0.33283857499999997 0.800761406824147 0.3269696015625 1
2 1 0.48954103937007876 0.998556184375 0.1614217034120735 0.9977178203125 0.16564653280839894 0.7386413000000001 0.08678514435695538 0.7218725359375 0.4134962073490814 1 0.48954103937007876
2 0.36972976874999997 0.7951283018372705 0.5390937109375 0.8120272703412074 0.5424473796875 0.8120272703412074 0.5307094343750001 0.6571210472440945 0.3655375265625 0.6106493228346457 0.36972976874999997 0.7951283018372705
2 0.74015708125 0 0.7319337531250001 0.07833548556430446 0.9926872124999999 0.1529723937007874 0.998556184375 0.15438031758530182 0.999386503125 0 0.74015708125 0
1 0.36050712812499996 0.5853010446194226 0.534063103125 0.6444469107611549 0.537416771875 0.6444469107611549 0.5390937109375 0.17550411811023622 0.3864985328125 0.16705445669291338 0.36050712812499996 0.5853010446194226
2 0.34679729375 0 0.23222641562500002 0.0022906509186351705 0.23977232656249997 0.13044031758530183 0.3888498734375 0.14302981102362206 0.37314136875 0 0.34679729375 0
2 0.0008182390625000001 0 0.0008182390625000001 0.10650031758530185 0.23809538749999998 0.1346651469816273 0.235580084375 0.12480756167979003 0.22232820156250002 0 0.0008182390625000001 0