1 0.5384590421875 0.6183185331753555 0.5391955625 0.6144707796208531 0.8285030265625 0.6029275260663507 0.8296875 0.4249171066350711 0.8296875 0.39900400710900474 0.5283116546875 0.4118224052132701 0.5384590421875 0.6183185331753555
1 0.8285030265625 0.39514891943127967 0.826811971875 0.16171852843601897 0.5054801890625 0.16300100473933649 0.5257749656249999 0.40669217535545027 0.5266203875000001 0.40669217535545027 0.8285030265625 0.39514891943127967
2 0.5181642656250001 0.3810403886255924 0.36088111875 0.3964313957345972 0.38455800625 0.6157532582938389 0.5266203875000001 0.6042103222748815 0.5181642656250001 0.3810403886255924
2 0.51224504375 0.374627682464455 0.4902592125 0.1796748104265403 0.3490424640625 0.1963479739336493 0.361726540625 0.3861709383886256 0.364263440625 0.3861709383886256 0.51224504375 0.374627682464455
2 0.6390013953125 1 0.6323218046875 0.8581619502369668 0.443750646875 0.8697052061611374 0.45660236562499995 1 0.6390013953125 1
2 0.60042885625 0 0.60103400625 0.14376224644549762 0.6000862359375 0.14514606398104266 0.8296875 0.15017149763033175 0.8296875 0.13209681042654028 0.8284272609375 0 0.60042885625 0
2 0.3384835953125 0 0.342277609375 0.17839201184834125 0.342277609375 0.18993526777251185 0.5917324625 0.14760999763033175 0.5901576703125 0 0.3384835953125 0
1 0.8285030265625 0.7606856753554503 0.826811971875 0.6914258199052133 0.6619181249999999 0.713229855450237 0.670374246875 0.7696636563981043 0.6729109359375001 0.7696636563981043 0.8285030265625 0.7606856753554503
2 0.665300446875 0.7055343507109005 0.6678373468750001 0.7068171492890996 0.8296875 0.6901610924170616 0.8296875 0.6080687203791469 0.6636091796875 0.6183185331753555 0.665300446875 0.7055343507109005
2 0.4396628625 1 0.43264766562499996 0.8645749786729858 0.173045425 0.8414884668246446 0.17610126718750002 1 0.4396628625 1
2 0.72350239375 1 0.7089843124999999 0.8645749786729858 0.6337250609375 0.8607272251184834 0.6435380984375 1 0.72350239375 1
2 0.8296875 1 0.8296875 0.838940260663507 0.7132122671875 0.8504664478672985 0.7264553859375 1 0.8296875 1
2 0.1753027875 0 0.174315671875 0.0004314004739336493 0.1819261609375 0.19794954739336496 0.1821543265625 0.2028719644549763 0.324834175 0.1915365213270142 0.32420275625 0 0.1753027875 0
2 0.37303379375 0.6224850592417062 0.338363884375 0.19794954739336496 0.1703125 0.21205807819905212 0.1954558703125 0.6288980876777251 0.1954558703125 0.6340283151658768 0.37303379375 0.6224850592417062
2 0.6613867234375 0.6173548317535544 0.20475762656250002 0.6391588649289099 0.22166986875 0.8302639857819905 0.22336092500000002 0.8289811872037914 0.5269348296875 0.8648937535545024 0.7028216984375 0.8610460023696683 0.82374366875 0.8353942156398104 0.8296875 0.769334037914692 0.8296875 0.7674199218009479 0.6698428453124999 0.7699824312796208 0.6613867234375 0.6173548317535544