1 0.36953125 0.049019607843137254 0.2765625 0.09803921568627451
1 0.2 0.3627450980392157 0.0359375 0.34068627450980393
1 0.6877624265625 0.4875884534313726 0.7432084703124999 0.4662524534313725 0.7442542515625 0.4728172965686275 0.7285622953125 0.17740237745098042 0.6668396015625 0.18068531372549018 0.6877624265625 0.4875884534313726
1 0.6626551671875001 0 0.6626551671875001 0.17083753431372548 0.7254236421875 0.16919709068627453 0.7296080765624999 0.172479 0.7296080765624999 0 0.6626551671875001 0
1 0.7045008171875 0.737050487745098 0.758900425 0.7272027083333333 0.75994620625 0.7337675539215687 0.747392903125 0.48102360784313725 0.685670209375 0.49579476470588235 0.7045008171875 0.737050487745098
1 0.7296080765624999 0.9060929215686274 0.7578539890625 0.9093758578431372 0.7630848593749999 0.7534620857843137 0.713916121875 0.7485387083333334 0.7076394703125 0.8404455049019608 0.7296080765624999 0.9060929215686274
2 0.22850539531249997 0.47938214215686276 0.4115806078125 0.4875884534313726 0.4105341734375 0.48430654411764706 0.409488390625 0.30213339460784316 0.235827828125 0.28572179656862745 0.22850539531249997 0.47938214215686276
2 0.40739617343749995 0.4875884534313726 0.5172411703125 0.49415329656862744 0.523517821875 0.49415329656862744 0.5256100390625 0.30049192647058826 0.41681082343750003 0.3054163308823529 0.40739617343749995 0.4875884534313726
2 0.5318873453124999 0.5269775196078431 0.6762549046874999 0.49579476470588235 0.6762549046874999 0.49415329656862744 0.6616087312500001 0.18560868872549022 0.5329331265625 0.19873837745098039 0.5318873453124999 0.5269775196078431
2 0.376011609375 0.2890037058823529 0.5193333875 0.29721001715686274 0.5214256046875 0.29556855147058825 0.5193333875 0.11667833578431373 0.37391939218750003 0.11667833578431373 0.376011609375 0.2890037058823529
2 0.2305976125 0.2775154852941177 0.3676420859375 0.2906451740196078 0.376011609375 0.29392708333333334 0.3749651734375 0.10847202450980392 0.23164339374999998 0.09698380392156863 0.2305976125 0.2775154852941177
2 0.413672825 0.60083125 0.52770225625 0.5877015612745098 0.530840909375 0.577853781862745 0.526656475 0.49415329656862744 0.41262638906250004 0.48922992156862743 0.413672825 0.60083125
2 0.235827828125 0.6106780024509804 0.40425752187499997 0.5991897818627451 0.4105341734375 0.5893420024509805 0.4115806078125 0.4875884534313726 0.234782046875 0.48102360784313725 0.235827828125 0.6106780024509804
2 0.2410586984375 0.7436153333333334 0.405303303125 0.715714487745098 0.405303303125 0.7042262671568628 0.4115806078125 0.6024716911764706 0.2379207 0.6106780024509804 0.2410586984375 0.7436153333333334
1 0.41681082343750003 0.7091496421568627 0.530840909375 0.6746849803921569 0.5329331265625 0.6648372009803921 0.530840909375 0.5942664044117647 0.41681082343750003 0.6156013799019608 0.41681082343750003 0.7091496421568627
2 0.23268982968750002 0.6106780024509804 0.18173234062500002 0.6057546274509804 0.1845668734375 0.8946047009803921 0.2513851265625 0.9104878284313725 0.23268982968750002 0.6106780024509804
2 0.24838178593750002 0.8289572843137254 0.4063497390625 0.8158275955882354 0.40844195625 0.8076212818627451 0.40844195625 0.717355955882353 0.2441973515625 0.7403323970588235 0.24838178593750002 0.8289572843137254
2 0.26825882968750003 0.940558612745098 0.41471860625 0.9339937671568628 0.42308812968750004 0.924145987745098 0.40739617343749995 0.8191095049019609 0.24838178593750002 0.8388040367647059 0.26825882968750003 0.940558612745098
1 0.5402562125 0.5712889362745098 0.5841940812499999 0.7534620857843137 0.592563603125 0.7518206176470589 0.639640125 0.6631967573529411 0.6888088625 0.6320140049019608 0.6825315562500001 0.5302594289215686 0.5402562125 0.5712889362745098
0 0.5525854515625 0 0.564317690625 0.08877851715686275 0.607209778125 0.10354864705882352 0.6187172984375 0.17904384558823527 0.66056295 0.1823257549019608 0.6637009484374999 0.1741204681372549 0.6607015281249999 0 0.5525854515625 0
2 0.42712128437499997 1 0.42518034687500006 0.9372756764705883 0.26721239375 0.9421990539215687 0.2697103953125 1 0.42712128437499997 1
1 0.5120103015625 0.7862863088235295 0.5454870828125 0.7682332426470588 0.5475793 0.6960199534313725 0.5046872140625001 0.6960199534313725 0.5120103015625 0.7862863088235295
0 0.7324497265625001 0 0.7379776 0.172479 0.7944694250000001 0.1642726887254902 0.7976080765625 0.167555625 0.8013121609375 0 0.7324497265625001 0
0 0.75053155625 0.4728172965686275 0.8070227265625001 0.4580471666666666 0.8080691625 0.4580471666666666 0.79970029375 0.1741204681372549 0.73902338125 0.17740237745098042 0.75053155625 0.4728172965686275
0 0.81539225 0.46132907598039213 0.747392903125 0.47774169852941173 0.7651770765625 0.737050487745098 0.8174705546875 0.740107718137255 0.81539225 0.46132907598039213
2 0.7693621640625 0.9093758578431372 0.818530903125 0.8798345710784314 0.8174844671875 0.8749101691176471 0.818530903125 0.7468972426470589 0.7683157296875 0.7452557745098038 0.7693621640625 0.9093758578431372