1 0.6871048578125001 0.04769761029411765 0.6871048578125001 0.05405771323529412 0.6968369140624999 0.2677571617647059 0.8338966062500001 0.2575811887254902 0.8111884765624999 0.042609526960784315 0.6871048578125001 0.04769761029411765
1 0.84038464375 0.2575811887254902 0.9701452640625 0.24740502450980392 0.934461059375 0.009536995098039215 0.8144324953125001 0.024801240196078433 0.84038464375 0.2575811887254902
2 0.7795593265625 0.27030139460784314 0.781181275 0.2792055367647059 0.79577941875 0.46746457598039215 0.9960974125 0.4623764926470588 0.9660903328125 0.26394129166666663 0.7795593265625 0.27030139460784314
2 0.8119995125000001 0.663355737745098 0.7779373781250001 0.2741172647058823 0.684671875 0.2792055367647059 0.68142785625 0.28302159803921567 0.7211671140625 0.6786199828431373 0.8119995125000001 0.663355737745098
2 0.886611815625 0.46746457598039215 0.794968384375 0.47000842647058827 0.8135838906249999 0.664658600490196 0.9085089109375 0.668443818627451 0.886611815625 0.46746457598039215
1 0.9028319093749999 0.5857624852941177 0.906075928125 0.5857624852941177 0.9998779296875 0.5781303602941176 0.9969084468749999 0.46364832352941177 0.8874229734375 0.46746457598039215 0.9028319093749999 0.5857624852941177
2 0.9474371343750001 0.6722598799019608 0.7349541015625001 0.6773479632352942 0.7357650140625001 0.6798920049019608 0.750363159375 0.9978971348039215 0.896343871875 0.9851769313725489 0.96122424375 0.8134541593137254 0.9474371343750001 0.6722598799019608
2 0.5338250734375001 0.05278569362745098 0.5297700203125 0.05914579411764706 0.5386911624999999 0.39623123529411763 0.684671875 0.39241536519607845 0.653853759375 0.04642559068627451 0.5338250734375001 0.05278569362745098
2 0.3951434328125 0.15836339705882355 0.39360510312499997 0.1609553088235294 0.38946630781249997 0.3898711323529412 0.53625805625 0.38859930392156866 0.5338250734375001 0.14437117156862744 0.3951434328125 0.15836339705882355
2 0.6806168218749999 0.3987754681372549 0.3854113765625 0.3987754681372549 0.37911628125 0.5246631617647058 0.6854827875 0.5208892450980391 0.6806168218749999 0.3987754681372549
2 0.379734375 0.6887961470588234 0.38378930625 0.6887961470588234 0.702513915625 0.682436044117647 0.6927819828125 0.5221614583333334 0.37405725156249997 0.5323376225490196 0.379734375 0.6887961470588234
2 0.6684517828125001 0.8045500147058824 0.6627746578125 0.7434930294117646 0.6660187984375 0.6913401887254902 0.38378930625 0.7015163529411765 0.379734375 0.7040603946078431 0.3708132328125 0.9991691568627451 0.7317100828124999 0.9999234068627451 0.71305700625 0.8452546715686274 0.6684517828125001 0.8045500147058824
2 0.1696842046875 0.2575811887254902 0.168873290625 0.2613970588235294 0.1558972171875 0.4178557745098039 0.3643251953125 0.4293039607843137 0.37162426718749997 0.2652131200980392 0.1696842046875 0.2575811887254902
2 0.151031128125 0.5081690416666667 0.0383016359375 0.5043531715686275 0.001806396875 0.7523971740196078 0.35783715781250003 0.7943738504901962 0.365947265625 0.5539619705882353 0.3635142828125 0.5526899509803922 0.1607631828125 0.5399697450980392 0.151031128125 0.5081690416666667
2 0.372435303125 0.43693608333333334 0.1534641109375 0.41912760294117646 0.1558972171875 0.4242158774509804 0.14859814375 0.49290498529411764 0.172117309375 0.5374257058823529 0.3651362296875 0.5488738897058824 0.372435303125 0.43693608333333334
2 0.0464116203125 0.49036094607843134 0.146976075 0.49799306862745096 0.16400720156249998 0.26266907843137255 0.06506469687500001 0.2613970588235294 0.0464116203125 0.49036094607843134
2 0.00991638125 0.7765655637254902 0.0123494875 0.7803816250000001 0.0026174312500000002 0.9999234068627451 0.15995227031249998 0.9999234068627451 0.189148315625 0.7892857696078431 0.00991638125 0.7765655637254902
2 0.1672512203125 0.9940810735294118 0.165629271875 0.9991691568627451 0.3489161375 0.9991691568627451 0.35864819375 0.8007339534313725 0.1915812984375 0.7943738504901962 0.1672512203125 0.9940810735294118
2 0.04722265625 0.24867685294117647 0.0488446046875 0.24486098284313726 0.365947265625 0.2563089754901961 0.3675692140625 0.071866 0.022081543749999998 0.07949812254901961 0.04722265625 0.24867685294117647
2 0.387033325 0.004448911764705883 0.3846003421875 0.0069929534313725485 0.39595434531249996 0.15200329411764707 0.528148071875 0.13928308823529412 0.524904053125 0.0006328504901960785 0.387033325 0.004448911764705883