2 0.81605509375 1 0.818701171875 0.7069584852941176 0.7023120125 0.7176798014705882 0.700359496875 0.7130849803921568 0.6971224515625 1 0.81605509375 1
2 0.6928513015625 1 0.694501709375 0.7100218284313725 0.57344165 0.7130849803921568 0.5705126953125 0.7176798014705882 0.5656047921875 1 0.6928513015625 1
2 0.5609207140625 1 0.561726196875 0.7207429534313726 0.554892090625 0.7130849803921568 0.34108435 0.863182637254902 0.3843621765625 1 0.5609207140625 1
1 0.3674953578125 1 0.3401080328125 0.9229153259803923 0.34206066874999996 0.9213836544117647 0.18125 0.938231463235294 0.18125 0.9964324828431372 0.2156606359375 1 0.3674953578125 1
0 0.22002429218750003 0.5415446911764705 0.181494140625 0.5662530637254902 0.18125 0.5583925024509804 0.181948975 0.7069584852941176 0.27079138125 0.6916423480392158 0.22002429218750003 0.5415446911764705
2 0.181948975 0.7130849803921568 0.18125 0.938231463235294 0.3391318359375 0.9137254901960784 0.267560040625 0.707369737745098 0.181948975 0.7130849803921568
2 0.77260498125 0.351625306372549 0.5412239984375 0.3776627598039216 0.5363425296875 0.3745994191176471 0.5744178468750001 0.7054270073529412 0.7774864499999999 0.7054270073529412 0.77260498125 0.351625306372549
2 0.5138878171875 0.36540977450980394 0.357681275 0.389915556372549 0.3527998046875 0.38838388480392155 0.3889226078125 0.6365044803921569 0.2717677 0.6579469215686274 0.334250365625 0.850929649509804 0.5646550296874999 0.7069584852941176 0.5138878171875 0.36540977450980394
2 0.349870971875 0.3914470367647058 0.200498534375 0.454243068627451 0.19854589843749998 0.45577474019607844 0.2688388671875 0.6610102622549019 0.38501745625 0.6303781789215687 0.349870971875 0.3914470367647058
2 0.5228714828125 0 0.5275560296874999 0.08818876470588234 0.7316007078125 0.07593577696078431 0.732066140625 0 0.5228714828125 0
2 0.35690354062499996 0 0.31862963906249997 0.003950291666666666 0.3430369875 0.389915556372549 0.491433228125 0.37306774754901956 0.46660218125 0 0.35690354062499996 0
2 0.3176534421875 0.007013441176470588 0.18125 0.008544921568627451 0.18292529375 0.010076593137254902 0.18125 0.351625306372549 0.1975695796875 0.36387829411764705 0.221976928125 0.4435217524509804 0.34206066874999996 0.38838388480392155 0.3176534421875 0.007013441176470588
2 0.7430821171875001 0 0.7403873296875 0.16170572794117646 0.8184906 0.1678322230392157 0.818701171875 0.1678322230392157 0.818553259375 0 0.7430821171875001 0
2 0.818701171875 0.17549038725490196 0.7316007078125 0.18008521078431372 0.72964819375 0.18621170343137253 0.7316007078125 0.3454988137254902 0.818701171875 0.3424356617647059 0.818701171875 0.17549038725490196
2 0.7267192390625 0.08359375000000001 0.5070538328125 0.09125191421568628 0.5060775140625 0.0805305980392157 0.5138878171875 0.36694144362745096 0.72183776875 0.3454988137254902 0.720861571875 0.23522307843137255 0.720861571875 0.18927485539215688 0.7335533453124999 0.15864257843137256 0.7267192390625 0.08359375000000001