1 0.6797796625 0.09757697549019607 0.68075598125 0.10217122303921569 0.7364108890625001 0.3058522892156863 0.8164757078125 0.26756644362745097 0.7930419921875 0.07001110539215687 0.6797796625 0.09757697549019607
1 0.836980103125 0.40999004166666664 0.83502734375 0.41764725 0.87310705625 0.5355679387254902 0.9082573249999999 0.5141276029411764 0.8760361328125 0.3885498995098039 0.836980103125 0.40999004166666664
1 0.16228747500000001 0.41152152205882353 0.16619299375000002 0.4161157696078432 0.163263915625 0.5539451200980392 0.22282434062499998 0.5355679387254902 0.220871459375 0.399269875 0.16228747500000001 0.41152152205882353
1 0.011921875 0.5738537843137255 0.0109453125 0.5815109901960784 0.008992553125 0.7714091225490196 0.044142943750000004 0.7714091225490196 0.0666002203125 0.5738537843137255 0.011921875 0.5738537843137255
1 0.4171279296875 0.6504256666666667 0.43763232343749997 0.5370992254901961 0.35899657500000004 0.5694016200980393 0.37416638125 0.7009629681372549 0.4171279296875 0.6504256666666667
1 0.3917414546875 0.8786096421568628 0.234541015625 0.8832038921568628 0.2316119390625 0.8816726029411764 0.2306354984375 0.9999234068627451 0.3321811515625 0.976621669117647 0.40150549375000005 0.9999234068627451 0.3917414546875 0.8786096421568628
1 0.431773925 0.6565513946078432 0.3780719 0.7086201740196079 0.377095459375 0.7070886960784314 0.386859496875 0.7714091225490196 0.47864111249999997 0.7331230857843137 0.4620423578125 0.6412369779411765 0.431773925 0.6565513946078432
1 0.388812378125 0.7729406029411764 0.385883178125 0.7760033700980392 0.3946707765625 0.844918044117647 0.49133435 0.8142894068627451 0.48059399375 0.7438432524509804 0.388812378125 0.7729406029411764
1 0.22380065937500002 0.3977385882352941 0.2247771 0.40080135539215683 0.22282434062499998 0.5401621862745097 0.2882430421875 0.4957504215686275 0.28726672343750004 0.3916126691176471 0.22380065937500002 0.3977385882352941
1 0.2999599609375 0.37017271813725494 0.2999599609375 0.3762984460784314 0.30093627968750003 0.5171905637254902 0.3360866703125 0.5187220441176471 0.327299071875 0.3456696151960784 0.2999599609375 0.37017271813725494
1 0.28726672343750004 0.27369217156862746 0.2862902828125 0.2752236519607843 0.294101440625 0.3609840294117647 0.32534631406250003 0.3334181593137255 0.31753503437499997 0.26909773284313726 0.28726672343750004 0.27369217156862746
2 0.5850688468749999 0.30891525000000003 0.4747355953125 0.4834989656862745 0.4776647953125 0.4972819019607843 0.6075260015625 0.46359030392156864 0.5850688468749999 0.30891525000000003
2 0.482546753125 0.03325654901960784 0.49133435 0.03478802941176471 0.5010983890625 0.1389257818627451 0.660251709375 0.08991976960784313 0.6299831546875 0.0010964313725490196 0.482546753125 0.03325654901960784
2 0.7383637703125 0.7499689803921569 0.7471512453125 0.7560947083333334 0.755938965625 0.8816726029411764 0.9014226078125 0.7821290980392157 0.8652957765625 0.699431487745098 0.7383637703125 0.7499689803921569
2 0.12126557499999999 0.7500594607843137 0.1115146484375 0.8173521764705882 0.21891870156249998 0.8142894068627451 0.21891870156249998 0.8847353700980393 0.3936943359375 0.8816726029411764 0.3819775390625 0.7622204338235293 0.12126557499999999 0.7500594607843137
0 0.1710750734375 0.002627911764705882 0.17009863281249998 0.007222159313725491 0.1720513921875 0.26909773284313726 0.2198950203125 0.2660349656862745 0.22282434062499998 0 0.1710750734375 0.002627911764705882
2 0.0890573734375 0.9199584485294118 0.0871046140625 0.9230212156862745 0.07050585937500001 0.9995930980392157 0.2277062984375 0.9980618112745099 0.2277062984375 0.9214899289215687 0.0890573734375 0.9199584485294118
2 0.8252633062499999 0.40233283578431367 0.7803489984375 0.4283672254901961 0.786207275 0.4314301862745098 0.8086645515625 0.5309735 0.8779890140625 0.7147459019607844 0.9229033203125001 0.6902429926470589 0.8252633062499999 0.40233283578431367
2 0.8770125734375 0.380892693627451 0.8779890140625 0.3824241740196079 0.9619593500000001 0.6718658088235293 0.9998779296875 0.6580828750000001 0.9121629640625001 0.3441381348039215 0.8770125734375 0.380892693627451
2 0.6504876703125 0.9919358921568627 0.6914964593749999 0.9980618112745099 0.761797240625 0.976621669117647 0.754962525 0.8786096421568628 0.7539860843749999 0.8801411225490196 0.6397471921875 0.9199584485294118 0.6504876703125 0.9919358921568627
1 0.9092337640625001 0.8127579264705882 0.9014226078125 0.7928492647058824 0.7569152828125 0.8724839142156863 0.7588680421875 0.8786096421568628 0.765703003125 0.9750901887254901 0.8897058109374999 0.9260841764705883 0.9092337640625001 0.8939240588235294 0.9092337640625001 0.8127579264705882
1 0.7266469718749999 0.8403236053921569 0.72957605 0.8786096421568628 0.753009765625 0.874015394607843 0.7442220453124999 0.7775348504901961 0.7481276859375 0.7698776421568627 0.6426763921875 0.8786096421568628 0.7266469718749999 0.8403236053921569
1 0.14178308125 0.6228597965686274 0.167169434375 0.6259225637254902 0.1613110359375 0.6565513946078432 0.1574053953125 0.6580828750000001 0.306794678125 0.6749285759803921 0.293125121875 0.5248477720588235 0.1583818359375 0.5906994877450981 0.14178308125 0.6228597965686274
1 0.23258825625 0.918426968137255 0.23258825625 0.8893298112745098 0.21110742187499998 0.8893298112745098 0.2179422609375 0.8188836544117647 0.0890573734375 0.8265408627450981 0.08808105468750001 0.8326665906862745 0.0734349359375 0.9276156568627452 0.0871046140625 0.9383356299019607 0.0910102546875 0.9153642009803922 0.23258825625 0.918426968137255
1 0.0041105953125 0.8832038921568628 0.008016235937500001 0.8862668504901962 0.027544189062500002 0.8893298112745098 0.0382845453125 0.7683461617647058 0.0050869140625000005 0.7714091225490196 0.0041105953125 0.8832038921568628
2 0.6075260015625 0.22315467892156865 0.5811632078125 0.31044653921568627 0.7207884515625 0.26450348529411766 0.6661099859374999 0.08991976960784313 0.59979043125 0.12760776960784312 0.6075260015625 0.22315467892156865
2 0.8555317390624999 0.04550800490196078 0.796947753125 0.062353899509803926 0.797924071875 0.06694814705882353 0.8223341062499999 0.2798178995098039 0.8760361328125 0.25378350980392156 0.8877530515625001 0.1756801470588235 0.8555317390624999 0.04550800490196078
0 0.5128151859375001 0.1435200294117647 0.505980346875 0.14658298774509804 0.5118387453125 0.23846909558823529 0.6036204828125 0.2109032254901961 0.5967856453125 0.1297370931372549 0.5128151859375001 0.1435200294117647
2 0.505980346875 0.2338748455882353 0.505004028125 0.24153186274509805 0.5225792234375 0.399269875 0.5821395265625 0.30891525000000003 0.601667603125 0.21549747303921568 0.505980346875 0.2338748455882353
2 0.929738159375 0.3916126691176471 0.9998779296875 0.6550199142156863 0.9998779296875 0.34873257598039215 0.929738159375 0.38395565196078435 0.929738159375 0.3916126691176471
2 0.9998779296875 0.1435200294117647 0.8916585687499999 0.17108589950980393 0.8916585687499999 0.1772116274509804 0.8789653312500001 0.2522520294117647 0.9697706296874999 0.2277491200980392 0.9998779296875 0.20630897794117647 0.9998779296875 0.1435200294117647
2 0.879941771875 0.1052341838235294 0.8750598140625 0.11442267892156863 0.8926350093750001 0.1756801470588235 0.9998779296875 0.13739430147058823 0.9998779296875 0.0776683137254902 0.879941771875 0.1052341838235294
2 0.6055732421875 0.688711512254902 0.57628125 0.48656192647058827 0.45520751875 0.5217848112745098 0.45520751875 0.5325049779411765 0.47571203593750006 0.6779913455882354 0.519650025 0.6672713700980392 0.52746118125 0.7132144215686275 0.6055732421875 0.688711512254902
2 0.5040275875 0.23540632598039216 0.5001219484375 0.18640031372549018 0.3243699953125 0.25684627696078427 0.32534631406250003 0.2614407156862745 0.3448743890625 0.4145842916666667 0.45325476093750006 0.3824241740196079 0.4386087640625 0.26450348529411766 0.5040275875 0.23540632598039216
1 0.4288447265625 0.16649165196078433 0.329251953125 0.18333735539215687 0.327299071875 0.19405752205882354 0.3312047125 0.25378350980392156 0.5010983890625 0.18946308333333334 0.495239990625 0.14658298774509804 0.4288447265625 0.16649165196078433
2 0.2286826171875 0 0.2296590578125 0.0010964313725490196 0.2247771 0.28288066666666667 0.2911723640625 0.2629720049019608 0.2980070796875 0 0.2286826171875 0
1 0.1779099125 0.28747510784313723 0.1818154296875 0.29819508333333333 0.18376831093749998 0.40233283578431367 0.2853139640625 0.3870184215686274 0.2843374015625 0.2767549411764706 0.1779099125 0.28747510784313723
2 0.079293334375 0.005690678921568628 0.079293334375 0.010284926470588235 0.07245861875000001 0.2752236519607843 0.167169434375 0.2629720049019608 0.1583818359375 0 0.079293334375 0.005690678921568628
1 0.057812621875000005 0.6933057598039215 0.0636710203125 0.6948372401960784 0.10272705 0.7193403406862745 0.12127868593749999 0.5707908235294118 0.0763642578125 0.5661967671568627 0.057812621875000005 0.6933057598039215
2 0.026567871875 0.9000497843137254 0.0314498296875 0.9015810735294117 0.07245861875000001 0.9230212156862745 0.1007742921875 0.7178086715686275 0.05683618124999999 0.6979001985294119 0.026567871875 0.9000497843137254
2 0.399552734375 0.8357295490196079 0.39662353437500003 0.8418552769607842 0.4161514890625 0.9995930980392157 0.5206263421874999 0.9999234068627451 0.495239990625 0.8219464240196079 0.399552734375 0.8357295490196079
0 0.350732665625 0.41917873039215686 0.3468271484375 0.42071001715686274 0.3536619875 0.549350681372549 0.47180639687500003 0.5018761495098039 0.45520751875 0.38395565196078435 0.350732665625 0.41917873039215686
2 0.6182664796874999 0.7239345906862745 0.6827089843749999 0.6963687181372549 0.704189696875 0.7101516544117646 0.749104003125 0.538630705882353 0.73152893125 0.43296147303921567 0.73152893125 0.4283672254901961 0.5811632078125 0.48809321323529414 0.6182664796874999 0.7239345906862745