2 0.8175144046874999 0.6395678235294118 0.618505859375 0.5777420343137255 0.6115169671875 0.5798349411764706 0.575394165625 0.9167890245098039 0.8184906 0.9765215220588235 0.8175144046874999 0.6395678235294118
2 0.6193272703125 0.5675821470588236 0.450048828125 0.520297181372549 0.4523815921875 0.5277602254901961 0.419187621875 0.8754352401960784 0.57344165 0.9060675171568627 0.6193272703125 0.5675821470588236
1 0.44554748593750004 0.5216337303921569 0.2737203375 0.4297372843137255 0.25028930625 0.4312689558823529 0.420163940625 0.8034497549019608 0.44554748593750004 0.5216337303921569
2 0.6583789062500001 0.2382862279411765 0.478125 0.20626531862745098 0.4738599859375 0.21071729411764706 0.44554748593750004 0.5109126078431373 0.610540771875 0.5522660073529412 0.6583789062500001 0.2382862279411765
2 0.818701171875 0.3179298799019608 0.6622840578125 0.2612603406862745 0.6613078609375 0.26432368382352944 0.6144458 0.5629873235294117 0.8175144046874999 0.6303781789215687 0.818701171875 0.3179298799019608
2 0.4728836671875 0.20918581617647058 0.18292529375 0.12801049264705883 0.18125 0.1295421642156863 0.264933715625 0.41442114705882355 0.441642334375 0.518570580882353 0.4728836671875 0.20918581617647058
2 0.61311185 0 0.575394165625 0.20459099264705882 0.8155617671875 0.28729779411764705 0.818701171875 0.028455882352941175 0.7199956796875 0 0.61311185 0
2 0.44297103125000004 0 0.419187621875 0.16323759068627453 0.56856018125 0.19693282843137255 0.6040785609375 0 0.44297103125000004 0
2 0.2988495109375 0 0.2756728515625 0.1326053161764706 0.4016143796875 0.16476907107843136 0.4311536578125 0 0.2988495109375 0
2 0.18125 0 0.18125 0.11269435539215687 0.2659099125 0.14792145343137256 0.2928498125 0 0.18125 0
2 0.181948975 0.8279555367647059 0.40551953125000006 0.8800302549019609 0.3313215328125 0.6640734142156863 0.18292529375 0.6227200147058823 0.181948975 0.8248923872549019 0.181948975 0.8279555367647059
2 0.22002429218750003 0.37306774754901956 0.18292529375 0.35775179901960785 0.18125 0.3562201274509804 0.18125 0.6181251911764706 0.3352265625 0.6625419338235294 0.22002429218750003 0.37306774754901956