2 0.12689294375 0.8212568921568627 0.421765990625 0.8488227647058824 0.42371875000000003 0.8426970367647059 0.4364119875 0.5440669044117648 0.142515503125 0.5073123455882353 0.12689294375 0.8212568921568627
2 0.1913354484375 0.19796224019607842 0.5360048828124999 0.26075118627450977 0.538933959375 0.25309398039215686 0.5428396 0.0004069019607843137 0.2196510015625 0.0004069019607843137 0.1913354484375 0.19796224019607842
2 0.17083105468749998 0.20715073529411765 0.1454447015625 0.5057810588235294 0.4383768578125 0.5390307156862745 0.44617602500000003 0.2515625 0.17083105468749998 0.20715073529411765
1 0.0001220703125 0.15508195588235293 0.14153906249999998 0.1795848651960784 0.142515503125 0.1765220980392157 0.16009069843749998 0.005001149509803921 0.0048428953125 0.0034696691176470586 0.0001220703125 0.15508195588235293
2 0.42567163125 1 0.4178604734375 0.8518857230392156 0.131775025 0.830445580882353 0.12689294375 0.998903568627451 0.42371875000000003 1 0.42567163125 1
2 0.6043529046875 0.0019381887254901959 0.5428396 0.0019381887254901959 0.539910521875 0.24849953921568627 0.73030859375 0.2929113039215686 0.7283557125 0.2852540980392157 0.75178930625 0.0631956568627451 0.6043529046875 0.0019381887254901959
2 0.5945888671875 0.26228247549019607 0.539910521875 0.2469680612745098 0.539910521875 0.26381395588235296 0.447152465625 0.24849953921568627 0.44617602500000003 0.40623755392156863 0.5692025140625 0.43227194362745097 0.568226075 0.42308344852941177 0.5945888671875 0.26228247549019607
2 0.5662731937500001 0.4353349044117647 0.7342141109375 0.48280943627450984 0.7332376703125 0.47974647549019606 0.743978028125 0.30516275980392155 0.5945888671875 0.26228247549019607 0.5662731937500001 0.4353349044117647
2 0.44031762656250006 0.5808212696078431 0.7234737546875001 0.6328902426470588 0.7283557125 0.6282959950980392 0.73030859375 0.4858723970588235 0.448128784375 0.41236328186274507 0.44031762656250006 0.5808212696078431
2 0.5750609125 0.853417012254902 0.5818956296875 0.6175758259803922 0.434459228125 0.5854157083333333 0.4286008296875 0.8488227647058824 0.5750609125 0.853417012254902
1 0.5799428703125 0.7554051764705882 0.7264029546875 0.7661251544117648 0.7234737546875001 0.7615309044117647 0.7254265140625 0.6237015539215687 0.5858012687499999 0.6145130588235294 0.5799428703125 0.7554051764705882
1 0.568226075 1 0.5711552734375 0.998903568627451 0.5731080328125 0.8564799705882353 0.4295771484375 0.8472912843137255 0.4305535890625 1 0.568226075 1
2 0.7205445562499999 1 0.719568115625 0.7722508799019607 0.577989990625 0.756936656862745 0.574084471875 1 0.7205445562499999 1
2 0.8767685546875 0.17499061764705884 0.8035385734375 0.13057904411764706 0.8133026125 0.08769875980392157 0.753742065625 0.060132889705882354 0.72933203125 0.2944425931372549 0.8660280765625 0.36795170833333335 0.8679809562499999 0.36642022794117646 0.8767685546875 0.17499061764705884
2 0.744954590625 0.30822552941176473 0.7264029546875 0.7400907622549019 0.849429321875 0.7799080882352941 0.915824584375 0.6114501004901961 0.845523803125 0.5609126078431372 0.8601698000000001 0.3832661225490196 0.85821691875 0.37254576470588235 0.744954590625 0.30822552941176473
2 0.0001220703125 0.1581447230392157 0.0001220703125 0.5027180980392156 0.0448754875 0.6543303848039216 0.107364990625 0.6635188799019608 0.108642578125 0.6606924019607843 0.1454447015625 0.20255648774509802 0.0001220703125 0.1581447230392157
2 0.0001220703125 0.998903568627451 0.1015067140625 0.998903568627451 0.10443591249999999 0.9958408014705882 0.11322351093750001 0.6773018161764706 0.0001220703125 0.6451416985294117 0.0001220703125 0.998903568627451