1 0.5665942328125 1 0.5581421015625 0.5429371066350711 0.42198371718749994 0.558326509478673 0.4245208296875 0.5594435071090047 0.4321321625 0.9982036421800948 0.5495077828125 1 0.5665942328125 1
1 0.561524846875 0.5390899952606635 0.561524846875 0.5403721516587677 0.56913618125 0.9982036421800948 0.7230543453125 0.995639009478673 0.7222087125 0.5083111872037914 0.561524846875 0.5390899952606635
2 0.42367519531250003 0.32492209478672984 0.43128631874999995 0.5403721516587677 0.5784389937500001 0.527547701421801 0.5682905484375 0.28901401895734596 0.42367519531250003 0.32492209478672984
2 0.5750560375 0.29029617535545027 0.5750560375 0.2941436066350711 0.5826673718750001 0.5185706824644549 0.7112144218750001 0.4852272417061611 0.7002205546875 0.27105966113744073 0.5750560375 0.29029617535545027
2 0.14882110312500002 0.43905934834123217 0.1479754703125 0.4377768720379147 0.145438359375 0.7135020687203791 0.2638369640625 0.7006776184834123 0.25622562968749996 0.41469292417061615 0.14882110312500002 0.43905934834123217
2 0.742586165625 1 0.9997885390624999 0.9943562109004739 0.9997885390624999 0.6506622938388626 0.73489426875 0.6532269289099526 0.7339818140625 0.6517895521327014 0.7306681687500001 1 0.742586165625 1
2 0.7120602671875 0.26080016587677723 0.7044489328125 0.26080016587677723 0.7323571578125 0.6391203222748815 0.9936798484375 0.6327079360189574 0.9742285890625 0.24797571563981044 0.7120602671875 0.26080016587677723
1 0.32219052656249997 0.7583874834123222 0.32219052656249997 0.7622345947867298 0.3281103828125 0.9982036421800948 0.37377859999999996 0.995639009478673 0.3594015640625 0.7455630331753554 0.32219052656249997 0.7583874834123222
2 0.4287421875 1 0.42198371718749994 0.7481276658767773 0.3644757875 0.7506926208530805 0.3636299421875 0.7545400521327015 0.3746125296875 1 0.4287421875 1
1 0 0.32363961848341233 0.0025142734375 0.3262045710900474 0.0025142734375 0.5967995402843601 0.13106132343750002 0.5801279786729858 0.13190716875 0.3108154881516588 0 0.32363961848341233
2 0.12767857968750002 0.3003885876777251 0.12767857968750002 0 0.0000111609375 0.004144357819905213 0.0008227953124999999 0.30551849526066355 0.12767857968750002 0.3003885876777251
2 0.2596083734375 0.3978542796208531 0.2748310421875 0.00414472037914692 0.131124746875 0.010516796208530804 0.14120976875 0.4119608862559242 0.2596083734375 0.3978542796208531
1 0 0.6017623625592416 0.001668640625 0.6056097938388625 0.0025142734375 0.877487239336493 0.0481822796875 0.8800518720379147 0.05494798125 0.604327317535545 0 0.6017623625592416
2 0.05494798125 0.6056097938388625 0.057485092187499996 0.6056097938388625 0.051565235937499995 0.8864642582938389 0.1403641359375 0.8646627890995261 0.139518290625 0.597914933649289 0.05494798125 0.6056097938388625
2 0.15135821562500001 0.720759817535545 0.1555868046875 0.8425919336492891 0.2596083734375 0.8169430331753554 0.2621454859375 0.7028057796208531 0.15135821562500001 0.720759817535545
2 0.276511265625 1 0.2689111859375 0.8233550971563981 0.1555868046875 0.8464390426540284 0.1555868046875 0.8515689526066351 0.15305415625000002 1 0.276511265625 1
2 0.00589701875 0.8926072559241707 0.005051384375000001 0.8977368436018957 0 0.9990496469194313 0.1420556140625 0.9990496469194313 0.14882110312500002 0.8746528981042654 0.00589701875 0.8926072559241707
2 0.6991645171875 0.01761313507109005 0.6959187984375 0.017959168246445497 0.70339310625 0.2343456682464455 0.8725339390625001 0.23306319194312797 0.8294030453125 0.006071161137440759 0.6991645171875 0.01761313507109005
2 0.4150078234375 0.03813212559241706 0.41162507968749995 0.03813212559241706 0.4192364140625 0.3074446161137441 0.6991645171875 0.25486465876777253 0.6898617046875 0 0.4150078234375 0.03813212559241706
2 0.3236699890625 1 0.321980334375 0.7575815663507108 0.42261915781250003 0.7447571161137441 0.40824212343750005 0.05223905450236967 0.28223218437500003 0.07788795260663507 0.2830780296875 0.08045258767772512 0.25939818125 0.5408490308056872 0.2619352921875 0.8075968886255924 0.2788494390625 0.9909856587677724 0.32240786875 1 0.3236699890625 1
2 0.9621784734375 0 0.836168534375 0.0035062061611374406 0.8344772671875 0.0009412535545023697 0.8344772671875 0.009918272511848342 0.8784537953125 0.24460516350710898 0.9757098750000001 0.22793328199052132 0.9621784734375 0