2 0.4593008695652174 0.6292512890624999 0.4505684593572779 0.6340579703125 0.43060879206049146 0.999754359375 0.6015130869565217 0.999754359375 0.6588969413988658 0.631313190625 0.4593008695652174 0.6292512890624999
2 0.9595386238185255 0.6581191359375 0.8435233402646503 0.6344062890625 0.6626393610586011 0.6323441421875 0.6327000094517958 0.846792434375 0.6302048657844991 0.846792434375 0.9857355576559547 0.8591643328125 0.9932203950850662 0.6808012765625 0.9595386238185255 0.6735841312499999 0.9595386238185255 0.6581191359375
2 0.6040082306238185 0.999372390625 0.9295989754253308 0.999372390625 0.9345892627599244 0.8653421765625 0.9395789565217391 0.8612181281250001 0.6302048657844991 0.8488462296874999 0.6040082306238185 0.999372390625
2 0.21978546124763704 0.8261640874999999 0.20855820604914935 0.85090813125 0.19483580529300568 0.9725661999999999 0.41189669754253305 0.9694733484375 0.4256188015122873 0.8261640874999999 0.21978546124763704 0.8261640874999999
2 0.23725028166351605 0.6560488828125 0.23600271077504725 0.664296978125 0.21105305293005672 0.817915990625 0.4281139451795841 0.8241021859375 0.439341202268431 0.6570798328125 0.23725028166351605 0.6560488828125
2 0.002724865784499055 0.9488531078125 0.0052197126654064275 0.9488531078125 0.18236127221172022 0.9560702531249999 0.2247754536862004 0.6581110296875 0.0014772948960302458 0.64780103125 0.002724865784499055 0.9488531078125
2 0.7075483894139887 0.6137779421875 0.7212707901701324 0.38489560312500004 0.4605481436672968 0.38283370156249996 0.4642908601134216 0.44263178593749997 0.2509723856332703 0.44469368749999993 0.2522199584120983 0.447786784375 0.2247754536862004 0.6529560296875 0.4418360491493384 0.6570798328125 0.4418360491493384 0.61687079375 0.7075483894139887 0.6137779421875
2 0.008962132325141776 0.4529417828125 0.006467285444234404 0.4560346359375 0.0014772948960302458 0.6405838859374999 0.22103303402646501 0.651924834375 0.23849755765595465 0.44366273593749994 0.008962132325141776 0.4529417828125
2 0.4580532967863894 0.42843945000000005 0.4543108771266541 0.2593551953125 0.008962132325141776 0.27482043749999996 0.010209703213610586 0.2758513875 0.003972141776937618 0.45009039531250006 0.4580532967863894 0.42843945000000005
2 0.4617957164461247 0.30059543125 0.46803298109640834 0.3026573328125 0.46803298109640834 0.3779204125 0.6526596767485823 0.3789513640625 0.6613917882797732 0.3036882828125 0.4617957164461247 0.30059543125
2 0.45555844990548205 0.2098673546875 0.4667857069943289 0.21708425468749998 0.4692805538752363 0.29853328437500004 0.733745618147448 0.30059543125 0.7362404650283554 0.20883615781249998 0.45555844990548205 0.2098673546875
2 0.7412304555765595 0.301336771875 0.9495589395085067 0.294119871875 0.9969628128544423 0.11884966875 0.9982103856332705 0.0044084984375 0.7574425935727789 0.00008942187500000001 0.7412304555765595 0.301336771875
2 0.4842502287334593 0.0064706453124999995 0.4854978015122873 0.0126565953125 0.47302297353497164 0.1435937109375 0.7349928922495274 0.1497796609375 0.7512101417769377 0.0013156468750000001 0.4842502287334593 0.0064706453124999995
2 0.46803298109640834 0.1456556125 0.4705281266540643 0.147717759375 0.4580532967863894 0.20648489374999998 0.7424777315689981 0.20132989375000002 0.7424777315689981 0.153903709375 0.46803298109640834 0.1456556125
2 0.26718963327032136 0.0033775484375 0.08256323629489604 0.025028493750000002 0.07757324574669187 0.0301837390625 0.025179379962192817 0.2662829765625 0.4543108771266541 0.25287988281249996 0.475517820415879 0.0023465984375 0.26718963327032136 0.0033775484375
2 1 0.3046495375 0.6713717712665407 0.3015566203125 0.6626393610586011 0.3716647015625 0.6588969413988658 0.3747577984375 0.733745618147448 0.37785065156250003 0.7150332268431001 0.6046708421875 1 0.62838235 1 0.3046495375