2 0.735457153125 0.14505150980392156 0.7305751953125 0.1527087156862745 0.7305751953125 0.6427684583333333 0.876058715625 0.6412369779411765 0.8614127203124999 0.15424000490196077 0.735457153125 0.14505150980392156
2 0.72374035625 0.050102443627450984 0.596808228125 0.05163392401960785 0.5841844015625 0.607556850490196 0.7227639156250001 0.6090768602941177 0.72374035625 0.050102443627450984
2 0.7305751953125 0.7193403406862745 0.727645996875 0.7239345906862745 0.7325279546875 0.9999234068627451 0.888751953125 0.9999234068627451 0.8750825203125 0.7178086715686275 0.7305751953125 0.7193403406862745
2 0.7198348390625 0.7147459019607844 0.629029540625 0.7147459019607844 0.568492675 0.7821290980392157 0.500144653125 0.9919358921568627 0.502097534375 0.9999234068627451 0.72374035625 0.9999234068627451 0.7198348390625 0.7147459019607844
1 0.5782567140625 0.6106081495098039 0.5792331546875 0.6121398210784313 0.5841151124999999 0.676460056372549 0.7256932375 0.6596141617647058 0.724716796875 0.6090768602941177 0.5782567140625 0.6106081495098039
2 0.99615600625 0.9919358921568627 0.9766280515625001 0.7346545637254902 0.8809407953124999 0.7162773823529411 0.879964478125 0.7224031102941177 0.8867991937499999 0.9980618112745099 0.99615600625 0.9919358921568627
2 0.8780117187500001 0.651956955882353 0.879964478125 0.6458312279411765 0.9639348140624999 0.6611456421568627 0.9522180171875 0.23693761519607842 0.8653184812499999 0.14658298774509804 0.8780117187500001 0.651956955882353
2 0.735457153125 0.05316521078431373 0.7315515140625 0.05775945833333333 0.7305751953125 0.13279986274509803 0.8662948 0.13739430147058823 0.8702004390625 0.04397671568627451 0.735457153125 0.05316521078431373
2 0.09103283749999999 0.47431027941176473 0.088134765625 0.4714307598039216 0.09298571718750001 0.8051007205882352 0.28728942812499997 0.8694209558823529 0.300958984375 0.46052734313725485 0.09103283749999999 0.47431027941176473
2 0 0.4038643161764706 0.097867675 0.40999004166666664 0.09200927656249999 0.46818455147058824 0.3058410640625 0.458996056372549 0.3115234375 0.15931372549019607 0.310723021875 0.16189721323529413 0.0021804203125 0.15577148529411766 0 0.4038643161764706
2 0.5616578375 0.5064705882352941 0.5655634765625 0.3456696151960784 0.3185341796875 0.3548583014705882 0.31658142031250003 0.3472010955882353 0.31267578125 0.4926876544117647 0.5616578375 0.5064705882352941
2 0.559705078125 0.6688028480392156 0.5616578375 0.5294420196078432 0.3185341796875 0.5294420196078432 0.3185341796875 0.5217848112745098 0.3077938234375 0.665740080882353 0.559705078125 0.6688028480392156
2 0.2853366703125 0.9919358921568627 0.2892421875 0.9919358921568627 0.4610887453125 0.9999234068627451 0.558728759375 0.6795228235294118 0.3068173828125 0.6688028480392156 0.2853366703125 0.9919358921568627
2 0 0.9536500465686275 0.0939621578125 0.9413985906862745 0.09298571718750001 0.7193403406862745 0.0021804203125 0.7193403406862745 0 0.7193403406862745 0 0.9536500465686275
2 0.0012041015625 0.14658298774509804 0.0012041015625 0.1435200294117647 0.12325414999999999 0.1496457573529412 0.1291125484375 0.002627911764705882 0.0002276609375 0 0.0012041015625 0.14658298774509804
2 0.3175577390625 0.3410753676470588 0.3185341796875 0.3410753676470588 0.5675162359375 0.34260684803921565 0.569469115625 0.19865176960784311 0.310723021875 0.1756801470588235 0.3175577390625 0.3410753676470588
2 0.32634545937500004 0.039382276960784314 0.3234161375 0.042445235294117645 0.31560498125 0.18180606617647058 0.5675162359375 0.19558880882352941 0.5753275140625 0.07919960049019607 0.32634545937500004 0.039382276960784314