1 0.287132165625 0.7238935144694534 0.2937670046875 0.5342800836012861 0.005055728125000001 0.39974606752411573 0.016577879687499998 0.6116422540192926 0.287132165625 0.7238935144694534
1 0.8636261749999999 0.8164248038585209 0.31072258124999996 0.5539996752411576 0.30924829531250003 0.5555166237942122 0.297452903125 0.7163087652733119 0.49797271875 0.8270430739549839 0.859203134375 0.9999704372990355 0.8636261749999999 0.8164248038585209
1 0.9998156687499999 1 0.9998156687499999 0.8664826366559485 0.8813192624999999 0.8391782958199356 0.8805819359375 0.9923860643086817 0.9900578046874999 1 0.9998156687499999 1
2 0.545890875 0.2582027813504823 0.5451537328125 0.26123668167202574 0.5068191703125 0.6237774726688103 0.9771557609375 0.858898263665595 0.9992718890625 0.3841062122186495 0.545890875 0.2582027813504823
2 0.0217382484375 0.6268113729903536 0.02321271875 0.6283283247588425 0.0342707828125 0.8255261254019293 0.269439078125 0.9362604340836012 0.2863948390625 0.7375456848874599 0.0217382484375 0.6268113729903536
2 0.4986883796875 1 0.49354949374999996 0.8376613440514469 0.293029678125 0.7466470032154341 0.28270894062499996 0.9453617556270095 0.49605987812499996 1 0.4986883796875 1
2 0.8525890031250001 1 0.517877234375 0.8437291446945338 0.5149282953125 0.8452460932475884 0.515662403125 1 0.8525890031250001 1
2 0.463797196875 1 0.0401684796875 0.8346274437299036 0.038694009375 0.8406952443729905 0.0327964984375 0.9939030160771704 0.42219238125 1 0.463797196875 1
2 0.0018339171875000001 0.12168108360128617 0.000359446875 0.12319803215434084 0.003308203125 0.35376797427652734 0.3269411984375 0.5327631350482315 0.327678340625 0.18690803215434082 0.0018339171875000001 0.12168108360128617
2 0.33873640625 0.1944927813504823 0.3365247921875 0.20814495176848874 0.32915281093750004 0.5236614340836013 0.5127166812499999 0.6237774726688103 0.54146765 0.25365193247588425 0.33873640625 0.1944927813504823
2 0.551788571875 0.2506184115755627 0.5739047 0.061004980707395504 0.282701221875 0.0140981961414791 0.271650875 0.18235756270096465 0.551788571875 0.2506184115755627
2 0.5857000921875 0.059488032154340835 0.5834884796875001 0.0640388810289389 0.556948940625 0.2430336623794212 0.8171823046875 0.3173623118971061 0.8422473734375 0.10954586173633439 0.5857000921875 0.059488032154340835
2 0.8485148390624999 0.11257976205787783 0.8496193546875 0.11864756270096463 0.8098103218749999 0.31584536334405144 0.998904515625 0.36135234405144695 0.9998156687499999 0.12623193247588424 0.8485148390624999 0.11257976205787783