1 0.376230834375 0.12915938970588237 0.3518236078125 0.003567517156862745 0.2258820796875 0.040326286764705885 0.24345532187500002 0.21799268627450982 0.2463841546875 0.21646120588235293 0.376230834375 0.12915938970588237
1 0.5308521765624999 1 0.5226745609375001 0.9347853480392158 0.4357845453125 0.9378486911764706 0.44106688437499997 1 0.5308521765624999 1
1 0.5442435328124999 0.7211818431372549 0.6281138921875 0.697386068627451 0.5958963625 0.6299954044117646 0.52365075625 0.5978316495098039 0.5442435328124999 0.7211818431372549
1 0.743316284375 0.9210008799019608 0.818701171875 0.9225325514705882 0.8038463140625 0.7632452524509804 0.818701171875 0.6545011862745097 0.741363646875 0.6698173259803921 0.74429248125 0.91640625 0.743316284375 0.9210008799019608
1 0.63201904375 0.6927914362745098 0.673023315625 0.6774752990196078 0.6486159671875 0.533504137254902 0.5900385734375 0.5595413995098039 0.5998015140625 0.607021294117647 0.6329953609375 0.6912597647058822 0.63201904375 0.6927914362745098
1 0.719885253125 0.6652223112745098 0.700359496875 0.5135931764705882 0.6554500734375 0.5304407941176471 0.673999634375 0.6744119558823529 0.6759521484375 0.6790067794117647 0.719885253125 0.6652223112745098
1 0.52560339375 0.9347853480392158 0.49729089374999996 0.8321677769607843 0.4309030765625 0.8336992573529411 0.43480835000000007 0.9332538676470589 0.4367608640625 0.9317221960784313 0.52560339375 0.9347853480392158
1 0.510958984375 0.8122568161764706 0.511935303125 0.7571189485294119 0.4016143796875 0.7709034166666666 0.41723510781249995 0.8137882965686274 0.421140259375 0.8137882965686274 0.510958984375 0.8122568161764706
1 0.41137731874999994 0.8229781323529411 0.3938040765625 0.7739665661764706 0.3527998046875 0.7862195539215686 0.355728759375 0.8336992573529411 0.35670507812499996 0.8352309289215687 0.41137731874999994 0.8229781323529411
2 0.49826721249999995 0.5350356151960785 0.47678881874999995 0.33133176225490196 0.378183471875 0.3665586715686274 0.48948059062500004 0.5396304387254902 0.49826721249999995 0.5350356151960785
2 0.2698151859375 0.4982770367647059 0.23857385312499998 0.24862476960784313 0.181948975 0.29610485539215686 0.20245105 0.5273776421568627 0.20342736874999998 0.5135931764705882 0.2698151859375 0.4982770367647059
2 0.6389517375 0 0.659355225 0.12609604656862744 0.6632603765625 0.11231177205882353 0.743316284375 0.09852711274509804 0.715918534375 0 0.6389517375 0
2 0.7010442828125 1 0.700359496875 0.9409118406862744 0.7452687984375 0.9409118406862744 0.743316284375 0.6667539828431372 0.6671655265624999 0.6851332720588236 0.6611966234375 1 0.7010442828125 1
0 0.35242440625000004 1 0.35084729062500003 0.9393803602941176 0.18125 0.9347853480392158 0.1825958984375 1 0.35242440625000004 1
2 0.8178028921875 1 0.8175144046874999 0.927127375 0.7686998296875001 0.927127375 0.7683727 1 0.8178028921875 1
2 0.8038463140625 0.08933766176470588 0.741363646875 0.1000587843137255 0.742339965625 0.10159045588235294 0.7677235109375 0.2807887181372549 0.81360913125 0.2639409093137255 0.8175144046874999 0.19961339705882353 0.8038463140625 0.08933766176470588
1 0.715735246875 0 0.7374584953125 0.09699563480392157 0.741363646875 0.09393248284313725 0.8028699953125 0.08321097549019607 0.7895053062499999 0 0.715735246875 0
1 0.7384348140625 0.1031219362745098 0.6769284671875 0.1169065955882353 0.672046996875 0.11078010049019608 0.741363646875 0.27619389460784316 0.7169562984375 0.14447533823529413 0.741363646875 0.13988070588235293 0.7384348140625 0.1031219362745098
1 0.6024919484375 1 0.6115169671875 0.8030671715686275 0.5158404546875001 0.824509612745098 0.55069614375 1 0.6024919484375 1
1 0.76603918125 1 0.7667471921875 0.9194694019607843 0.7481977546875 0.9194694019607843 0.7481977546875 0.9531648284313726 0.7032883296875 0.942443512254902 0.7046780359375 1 0.76603918125 1
2 0.349870971875 0.15366517401960786 0.23857385312499998 0.2394353161764706 0.262599953125 0.3434659901960785 0.32351110781250003 0.33133176225490196 0.37915966874999996 0.37268516421568626 0.349870971875 0.15366517401960786
0 0.33327404843749997 0.4814294191176471 0.31570080625 0.3374580661764706 0.263957396875 0.3481793799019608 0.27274401875 0.4798977475490196 0.2746966546875 0.4906190637254902 0.33327404843749997 0.4814294191176471
2 0.4357845453125 0.46458161029411765 0.378183471875 0.3711536838235294 0.31862963906249997 0.3405214068627451 0.3303452140625 0.4906190637254902 0.3352265625 0.4921505441176471 0.4357845453125 0.46458161029411765
2 0.5138878171875 0.5702627156862745 0.5207219234375 0.5702627156862745 0.6134694828125 0.5380987671568628 0.6066354984375 0.469176431372549 0.63592419375 0.456923637254902 0.6203035890625 0.33439491421568623 0.491433228125 0.380343137254902 0.5138878171875 0.5702627156862745
2 0.3449895015625 0.7754980465686275 0.34791845625 0.7739665661764706 0.44554748593750004 0.7433342916666666 0.42504541093750003 0.5733258651960784 0.349870971875 0.5962999779411765 0.3313215328125 0.4936822156862745 0.3000802 0.49980870833333335 0.3449895015625 0.7754980465686275
1 0.3049616703125 0.7709034166666666 0.3430369875 0.7647769215686274 0.302032715625 0.4982770367647059 0.2746966546875 0.507466681372549 0.287388428125 0.6116161151960785 0.29812756406249996 0.7678400735294117 0.3049616703125 0.7709034166666666
2 0.361586425 0.9317221960784313 0.348894653125 0.8275727622549018 0.18125 0.8168516397058824 0.18125 0.9255958946078431 0.181948975 0.9240642230392158 0.361586425 0.9317221960784313
1 0.3703599609375 1 0.371349365625 0.9991130514705883 0.43773718281249996 0.9960497083333334 0.42797424375000004 0.8367624093137255 0.357681275 0.8382942720588236 0.3643009015625 1 0.3703599609375 1
2 0.8184906 0.6315270759803921 0.818701171875 0.4676449534313725 0.7052408453125001 0.507466681372549 0.7140275875000001 0.6575643382352941 0.7179327390625 0.6621591617647059 0.8184906 0.6315270759803921
0 0.531461059375 0.7295498235294117 0.5011960453125 0.5442252598039216 0.426021728125 0.5702627156862745 0.44847644062500003 0.7341448382352941 0.44945263593749996 0.7402711397058823 0.531461059375 0.7295498235294117
2 0.6339716796875 0.17970243627450982 0.5246270749999999 0.10924862254901961 0.4572629390625 0.13681736274509804 0.45433410625 0.13681736274509804 0.49240942343749994 0.37268516421568626 0.6427583015625 0.31448395343137253 0.6251850578125 0.21339767156862743 0.6339716796875 0.17970243627450982