1 0.4844995109375 0.18640031372549018 0.4854759515625 0.19558880882352941 0.495239990625 0.3472010955882353 0.622171996875 0.3135094975490196 0.622171996875 0.1389257818627451 0.4844995109375 0.18640031372549018
2 0.4981691890625 0.52637925 0.48059399375 0.18793160294117647 0.350732665625 0.2338748455882353 0.3487799078125 0.22315467892156865 0.3595203859375 0.5095333553921568 0.4981691890625 0.52637925
3 0.2286826171875 0.651956955882353 0.22575341875000002 0.6963687181372549 0.25895104999999996 0.6948372401960784 0.25895104999999996 0.651956955882353 0.2286826171875 0.651956955882353
2 0.717859253125 0.5340364583333334 0.4747355953125 0.5340364583333334 0.48645239218749997 0.7162773823529411 0.7266469718749999 0.7162773823529411 0.717859253125 0.5340364583333334
2 0.07441137656249999 0.699431487745098 0.07441137656249999 0.705557406862745 0.07441137656249999 0.9999234068627451 0.363425903125 0.9980618112745099 0.34975634843750003 0.699431487745098 0.07441137656249999 0.699431487745098
2 0.12323144531250001 0.0776683137254902 0.12225500468749999 0.07919960049019607 0.12616064375 0.5018761495098039 0.2286826171875 0.5034076274509803 0.2150130609375 0.10829695098039216 0.12323144531250001 0.0776683137254902
2 0.0187565921875 0.030193779411764706 0.017333984375 0.031020220588235295 0.019733032812500002 0.5125963161764706 0.12323144531250001 0.5064705882352941 0.12127868593749999 0.0776683137254902 0.0187565921875 0.030193779411764706
0 0.7344580078125 0.7239345906862745 0.7325052484375 0.728528838235294 0.7354344484374999 0.8847353700980393 0.9072810062500001 0.8816726029411764 0.890682128125 0.7269975490196079 0.7344580078125 0.7239345906862745
1 0.7305524906249999 0.5401621862745097 0.7325052484375 0.5416936666666667 0.7344580078125 0.7239345906862745 0.8203813468750001 0.7193403406862745 0.8115937499999999 0.5401621862745097 0.7305524906249999 0.5401621862745097
1 0.8887293703125 0.7193403406862745 0.8779890140625 0.5570078897058823 0.81746820625 0.5432288284313725 0.8194050296875 0.7269975490196079 0.8887293703125 0.7193403406862745
2 0.06952941875 0.5233162916666667 0.07245861875000001 0.5294420196078432 0.0753878171875 0.6933057598039215 0.2286826171875 0.688711512254902 0.2247771 0.5110648357843137 0.06952941875 0.5233162916666667
2 0.0851518546875 0 0.083198975 0.05163392401960785 0.2198950203125 0.10370270343137254 0.2316119390625 0.4957504215686275 0.23258825625 0.5018761495098039 0.35463830625 0.5049391078431372 0.3321811515625 0.04857096323529412 0.19450866718749998 0 0.0851518546875 0
1 0.3751427 0.7208716299019609 0.37123706093750003 0.7208716299019609 0.3702607421875 0.8954555367647059 0.495239990625 0.8969870171568628 0.4854759515625 0.7254658774509803 0.3751427 0.7208716299019609
2 0.48352319374999997 0.022536573529411765 0.4747355953125 0.025599340686274508 0.4776647953125 0.18027439460784314 0.6202192390625 0.12207988725490196 0.6163137203125 0.027130821078431375 0.48352319374999997 0.022536573529411765
1 0.6309597171875 0.0010786029411764706 0.6309597171875 0.039382276960784314 0.6651336671875 0.04091375735294118 0.6661099859374999 0.10217122303921569 0.8584609375 0.10676547303921569 0.8672485343749999 0 0.6309597171875 0.0010786029411764706
2 0.41322241249999997 0.5279107303921569 0.4171279296875 0.5570078897058823 0.39857629375000003 0.5585395612745098 0.3936943359375 0.5876367181372549 0.3722135015625 0.579979512254902 0.3683079828125 0.5845737598039216 0.3683079828125 0.7086201740196079 0.4844995109375 0.7101516544117646 0.47375915468749996 0.5217848112745098 0.41322241249999997 0.5279107303921569
2 0.6231484375 0.3717040049019608 0.6231484375 0.3824241740196079 0.622171996875 0.5294420196078432 0.8760361328125 0.5340364583333334 0.86041381875 0.368641237745098 0.6231484375 0.3717040049019608
1 0.6524404296874999 0.11595415931372549 0.6270539546875 0.1343313431372549 0.6241248781250001 0.13586282107843137 0.6280303953125 0.28288066666666667 0.8584609375 0.25990923774509805 0.8584609375 0.12361136519607843 0.6524404296874999 0.11595415931372549
2 0.6270539546875 0.2798178995098039 0.625101196875 0.2844121470588235 0.6241248781250001 0.37323548529411765 0.8613900140625 0.3609840294117647 0.8584609375 0.2629720049019608 0.6270539546875 0.2798178995098039
2 0.505980346875 0.5187220441176471 0.5040275875 0.5187220441176471 0.6182664796874999 0.5248477720588235 0.6182664796874999 0.3288239117647059 0.49231079062500005 0.3456696151960784 0.505980346875 0.5187220441176471
2 0.49719274843749994 0.8908610980392158 0.4981691890625 0.8923925784313727 0.7373872078125 0.8877983308823529 0.72859973125 0.7254658774509803 0.49328710937500003 0.7239345906862745 0.49719274843749994 0.8908610980392158
2 0.7422692875 0.8939240588235294 0.73876953125 0.8984375 0.7442220453124999 0.9999234068627451 0.915092040625 0.9999234068627451 0.9082573249999999 0.8954555367647059 0.7422692875 0.8939240588235294
2 0.36733154218749997 0.9077069926470588 0.3702607421875 0.9107699534313725 0.376119140625 0.9999234068627451 0.7422692875 0.9995930980392157 0.7373872078125 0.8923925784313727 0.36733154218749997 0.9077069926470588
2 0.06952941875 0.9999234068627451 0.068552978125 0.7040259264705881 0.0011813968750000001 0.7024944460784314 0.00020495625 0.7009629681372549 0 0.9949988504901961 0.06952941875 0.9999234068627451