0 0.6988605671875 0.5560466413043479 0.6988605671875 0.5581837789855072 0.7080778984375 0.983462561594203 0.863848121875 0.979188286231884 0.8592394562500001 0.5539100362318841 0.6988605671875 0.5560466413043479
0 0.863848121875 0.5517728985507246 0.860161328125 0.5539100362318841 0.8647699937500001 0.9984219963768117 0.9997695328124999 0.9877368405797101 0.9984189906250001 0.5539100362318841 0.863848121875 0.5517728985507246
1 0.863848121875 0.5304020507246376 0.8537093796875 0.04101071739130435 0.6998666140625 0.0068362717391304345 0.7062343859375 0.5239906340579711 0.863848121875 0.5304020507246376
1 0.9901237609375 0.5325391884057972 0.9726109703124999 0.06665584420289855 0.8564782953125001 0.051814702898550724 0.871221940625 0.5154426159420289 0.9901237609375 0.5325391884057972
2 0.5493662328125 1 0.7025473609375 0.9877368405797101 0.69240861875 0.5410872065217391 0.5052998390625 0.5453614855072464 0.5052998390625 0.5539100362318841 0.51721349375 1 0.5493662328125 1
2 0.515381084375 1 0.5052998390625 0.5496357608695652 0.35413805 0.5453614855072464 0.353216178125 0.5624580579710146 0.3632959796875 1 0.515381084375 1
2 0.3623762828125 1 0.3522945375 0.5474986231884058 0.23615787031250002 0.5410872065217391 0.23431458906249997 0.5539100362318841 0.24622824375 1 0.3623762828125 1
1 0.0726238640625 1 0.24629684218749998 0.992010579710145 0.22509748749999997 0.5346757934782609 0.014023968749999999 0.5325391884057972 0.013102096875 0.5410872065217391 0.0167686 1 0.0726238640625 1
2 0.4417010828125 0.017503264492753624 0.4435445953125 0.02605128260869565 0.44446646718749994 0.5026197862318841 0.6850348 0.5282649094202899 0.6721309062499999 0.02818842391304348 0.4417010828125 0.017503264492753624
2 0.214036875 0.015366126811594202 0.2370797421875 0.5047569239130435 0.44262295468749996 0.5047569239130435 0.4398578015625 0.019640402173913045 0.214036875 0.015366126811594202
2 0.060109703125000004 0.07734153623188407 0.054579396875 0.13717927536231883 0.012273171874999999 0.15804972101449277 0.020475915625 0.49193462681159417 0.2241756171875 0.5090311992753623 0.205741415625 0.011091851449275363 0.1135694859375 0.0046804347826086955 0.10711730781249999 0.07306726086956522 0.060109703125000004 0.07734153623188407
2 0.069327034375 0.00040669202898550725 0.07117054687499999 0.0046804347826086955 0.0720921875 0.062381568840579715 0.0951350546875 0.060244431159420284 0.1015870015625 0.013228989130434783 0.069327034375 0.00040669202898550725