2 0.9093212656249999 0 0.7510543625 0.008940038869257951 0.76858768125 0.44901830035335694 0.96583669375 0.45893026148409893 0.9669004828125001 0.45420999646643107 0.9597449625 0 0.9093212656249999 0
1 0.312722928125 0.8494506925795052 0.315352915625 0.8415211236749116 0.30220298125 0.4728065159010601 0.16719684375 0.4708241236749116 0.1698268296875 0.9188324522968198 0.31798290156250003 0.9485673462897527 0.3100929421875 0.8712565159010601 0.2732731265625 0.897026628975265 0.2723963171875 0.8474683003533569 0.312722928125 0.8494506925795052
1 0.058490575 0.9009914134275618 0.1531703203125 0.9208148445229681 0.15755370468750002 0.9128852720848057 0.1505403328125 0.4787536925795053 0.03219070625 0.4807360848056537 0.058490575 0.9009914134275618
0 0.162813459375 0.44307161837455833 0.312722928125 0.43910683392226146 0.3135995171875 0.43514204593639577 0.3013261734375 0.024798187279151944 0.1531703203125 0.03867493639575972 0.162813459375 0.44307161837455833
0 0.0067674265625 0.14968594346289754 0.026930732812500004 0.4133362261484099 0.1593068828125 0.43712444169611303 0.1487869359375 0.04065732862190813 0.0181641828125 0.0446216183745583 0.0067674265625 0.14968594346289754
2 0.3398993859375 0.9346910954063604 0.550298553125 0.9366734876325088 0.556435115625 0.9287439187279151 0.5494219640625 0.48668276678445227 0.3232428765625 0.47677130035335685 0.3398993859375 0.9346910954063604
2 0.96583669375 0.8316096572438162 0.96583669375 0.8177334028268551 0.9675900921875 0.49262994346289757 0.7650808859375 0.4847003745583039 0.7852441906250001 0.9604612084805654 0.8781705390625 0.9644259929328621 0.8799237171875 0.8930618445229682 0.91849693125 0.891079448763251 0.92463349375 0.8335920494699647 0.96583669375 0.8316096572438162
2 0.5625718984375 0.9505497420494701 0.7782308203125 0.9465849540636042 0.77735423125 0.9446025618374557 0.7589443234375 0.5045238056537102 0.557311925 0.4946123392226148 0.5625718984375 0.9505497420494701
2 0.31798290156250003 0.4410892261484099 0.50208198125 0.4510006925795053 0.5012053921875 0.43910683392226146 0.4941920203125 0.02876297173144876 0.3118461203125 0.032727756183745585 0.31798290156250003 0.4410892261484099
2 0.5055887765625 0.45694786925795056 0.644101490625 0.4549654770318022 0.646731478125 0.44703640282685514 0.6423480921875 0.014886720848056537 0.49594541875000003 0.02281628975265018 0.5055887765625 0.45694786925795056
2 0.650238053125 0.4628945512367491 0.7598209125000001 0.44703640282685514 0.7580675140625 0.44307161837455833 0.7414110046875 0.012904328621908127 0.6449780796875 0.024798187279151944 0.650238053125 0.4628945512367491
3 0.8834305125 0.9723555618374559 0.9114835593749999 0.9723555618374559 0.9141135468750001 0.9644259929328621 0.9114835593749999 0.9009914134275618 0.8834305125 0.9029738056537102 0.8834305125 0.9723555618374559