2 0.0002060640625 0.5358614847161572 0.4605684 0.7273149323144105 0.49704264218749994 0.5152011353711791 0 0.318238076419214 0.0021777171875 0.5331066790393013 0.0002060640625 0.5358614847161572
2 0.006120778125 0.6267672991266375 0.038651712500000004 0.716296056768559 0.038651712500000004 0.7961833384279476 0.30087108749999997 1 0.413250678125 0.9986556637554586 0.4516963265625 0.7300697379912664 0.0002060640625 0.5468803602620087 0.003163421875 0.6308995065502183 0.006120778125 0.6267672991266375
2 0.0021777171875 0.11163354585152838 0.003163421875 0.3072188558951965 0.005135075 0.3085962598253275 0.4911279265625 0.5014274541484716 0.527601921875 0.3072188558951965 0.0021777171875 0.11163354585152838
2 0.7533470546875 0.7782774497816594 0.7641907812500001 0.23008672270742356 0.5640761640624999 0.1391805633187773 0.4908060109375 0.7013395676855896 0.7533470546875 0.7782774497816594
2 0.5846146625 0 0.5670332765625 0.13780316157205239 0.5670332765625 0.1391805633187773 0.7474323390625 0.21218083406113536 0.8213662812500001 0.2590111441048035 0.8134799109375 0.006953705240174673 0.620276109375 0 0.5846146625 0
2 0.0021777171875 0 0.0021777171875 0.1061239344978166 0.524644565625 0.293445519650655 0.524644565625 0.28655850655021836 0.5532324375 0.0028214978165938863 0.17393361875 0 0.0021777171875 0
2 0.4891562734375 0.7080319847161571 0.45662533906249997 0.9325420611353712 0.49467743124999997 0.9403226550218341 0.4576110421875 0.9325420611353712 0.5272738343750001 0.946987711790393 0.7799632734374999 0.9986556637554586 0.7815041265625 0.9997062663755459 0.78292063125 1 0.7602474734375 0.7810322554585153 0.4891562734375 0.7080319847161571
2 0.8164375156249999 0.008331106986899563 0.8302383531249999 0.2590111441048035 0.823337934375 0.2562566834061135 0.9988079859375001 0.34303063537117906 0.98204954375 0.006953705240174673 0.8164375156249999 0.008331106986899563
2 0.7671481390625 0.2576340851528384 0.7592617703125 0.7479752816593886 0.765176484375 0.7479752816593886 0.8617835843749999 0.7121638493449781 0.8667125953125 0.31135106331877727 0.7671481390625 0.2576340851528384
2 0.8736130140625 0.3141058689956332 0.8667125953125 0.7107864454148471 0.8647409421875001 0.714918652838428 0.9978220359375 0.643295786026201 0.9978220359375 0.3581813733624454 0.8736130140625 0.3141058689956332
2 0.7612331765625 0.7617489628820961 0.789821296875 0.9931460524017467 0.790807 0.9945234563318777 0.8992435296875 1 0.8805134328124999 0.6956357074235808 0.7612331765625 0.7617489628820961
2 0.888399803125 0.7975603973799127 0.9022008874999999 0.9903915917030568 0.908115603125 0.9931460524017467 0.9968363328125 0.9986556637554586 0.9978220359375 0.7755226441048034 0.888399803125 0.7975603973799127
2 0.9997535125000001 0.7741452423580786 0.9997535125000001 0.6515598580786026 0.8814993843750001 0.7066545829694324 0.891825771875 0.7906022751091704 0.9997535125000001 0.7741452423580786
2 0.0021777171875 0.7989377991266376 0.0021777171875 0.9931460524017467 0 0.9945234563318777 0.268340153125 1 0.0021777171875 0.7989377991266376