1 0.7696043171875 0.18418292156862745 0.76078548125 0.06724374509803922 0.6357220406249999 0.18166839705882354 0.594034009375 0.2747170392156863 0.6140765203125 0.2822606078431373 0.6068613468749999 0.3652501323529412 0.707874428125 0.3426163455882353 0.6910385875 0.19298529166666667 0.7696043171875 0.18418292156862745
1 0.6950470890625 0.1954998137254902 0.6958489203125 0.20178663480392156 0.7086756046875 0.35267546323529414 0.7800261609375 0.33130047794117645 0.7752158265625 0.19298529166666667 0.6950470890625 0.1954998137254902
2 0.6036546765625 0.36399235784313727 0.6076631781249999 0.3677646544117647 0.592431 0.46207107107843143 0.7912498359375 0.4092589019607843 0.78323283125 0.3325572279411764 0.6036546765625 0.36399235784313727
2 0.3519241328125 0.2344795392156863 0.3487174625 0.2357373137254902 0.3671563109375 0.3853683676470588 0.49061674375 0.3677646544117647 0.485806409375 0.2722014901960784 0.3519241328125 0.2344795392156863
2 0.49061674375 0.2759737867647059 0.487410071875 0.2747170392156863 0.49221975156250003 0.37279472794117646 0.6036546765625 0.36147783333333333 0.6076631781249999 0.28854845588235295 0.49061674375 0.2759737867647059
2 0.3735703078125 0.3828538455882353 0.3711648140625 0.38411162009803923 0.3823884890625 0.47213018872549023 0.5074519296875 0.4771592352941177 0.5074519296875 0.3740514754901961 0.3735703078125 0.3828538455882353
2 0.51306409375 0.3740514754901961 0.5106586 0.3740514754901961 0.5074519296875 0.48218930637254903 0.5908273375 0.4633278186274509 0.6004480046875 0.36399235784313727 0.51306409375 0.3740514754901961
1 0.25091170625000003 0.5689501029411764 0.2461013734375 0.611702125 0.52829561875 0.6381082083333333 0.553949640625 0.5651778039215687 0.25091170625000003 0.5689501029411764
1 0.6180850234374999 0.5702078774509803 0.6132746890624999 0.6016430073529412 0.6140765203125 0.6041575294117647 0.6180850234374999 0.651939625 0.78323283125 0.6104453774509804 0.776819490625 0.5362582230392157 0.6180850234374999 0.5702078774509803
2 0.28057423125000003 0.48470383088235297 0.282979071875 0.3778237720588235 0.119434925 0.3803393210784313 0.11863309375 0.3765670245098039 0.074540221875 0.506079843137255 0.28057423125000003 0.48470383088235297
2 0.28057423125000003 0.37027917892156864 0.28284238125 0.37292604411764707 0.282177240625 0.4884761274509804 0.37998365 0.47213018872549023 0.364751471875 0.356447762254902 0.28057423125000003 0.37027917892156864
2 0.30863309375000003 0.2520832524509804 0.27576389843750004 0.25711229901960786 0.27416088906249997 0.25459777696078434 0.27816873750000004 0.3790815465686274 0.363147809375 0.3489041911764706 0.346312621875 0.23070724264705883 0.30863309375000003 0.2520832524509804
2 0.227662525 0.24076636029411766 0.18757815625000002 0.26465689460784314 0.185173315625 0.2722014901960784 0.18918181875 0.3803393210784313 0.2733590578125 0.37153695343137255 0.27416088906249997 0.247053181372549 0.227662525 0.24076636029411766
2 0.115426421875 0.3690224289215686 0.1899829953125 0.3740514754901961 0.1819666453125 0.25711229901960786 0.10901242656250001 0.36399235784313727 0.115426421875 0.3690224289215686
2 0.050489209374999997 0.5840392916666667 0.04808436875 0.5852970661764706 0 0.7889970367647059 0.1667344671875 0.8355213578431373 0.12905493750000002 0.6129598995098039 0.050489209374999997 0.5840392916666667
1 0.307030084375 0.8732433088235294 0.30783126250000004 0.8757588578431372 0.29179790781250003 0.999243387254902 0.4377050359375 0.9964703308823529 0.45053237343749997 0.9046784387254903 0.307030084375 0.8732433088235294
0 0.9348129671875001 0.1782061642156863 0.804077175 0.1954998137254902 0.8096886859374999 0.25585555147058825 0.838549378125 0.24956873039215688 0.8457645515625 0.32878492892156863 0.9403636359374999 0.32124033333333335 0.9348129671875001 0.1782061642156863
1 0.9993459781249999 0.16909373039215686 0.9435709609374999 0.17538157598039217 0.9459758015625 0.3174680367647059 0.9988868546875 0.3174680367647059 0.9993459781249999 0.16909373039215686
1 0.9972838453125 0.07981841176470587 0.9972838453125 0 0.797663178125 0.0031157107843137253 0.7952583390625 0.0018589632352941177 0.7800261609375 0.02952179411764706 0.796861346875 0.179153875 0.9628109874999999 0.13765860049019607 0.9972838453125 0.07981841176470587
1 0.9993459781249999 0.7512750857843138 0.9964820140624999 0.6758301593137255 0.8874525828125 0.6909193504901961 0.8882544140625 0.7311568504901962 0.9066926093750001 0.7349281225490196 0.9082962718750001 0.7613342058823529 0.9993459781249999 0.7512750857843138
2 0.171544146875 0.7198399558823529 0.17074296875 0.7210967058823529 0.174751471875 0.7889970367647059 0.4665657296875 0.8380358823529411 0.49061674375 0.760076431372549 0.171544146875 0.7198399558823529
2 0.9993459781249999 0.5475740906862745 0.9980856765624999 0.542545044117647 0.8802374093750001 0.551346387254902 0.8914610859375 0.6796024558823529 0.9993459781249999 0.6808602303921569 0.9993459781249999 0.5475740906862745
2 0.4417135375 0 0.4433172015625 0.0018589632352941177 0.41525768437500005 0.2118457524509804 0.45614388437500003 0.2219048725490196 0.485806409375 0 0.4417135375 0
1 0.3727684765625 0.05341232843137255 0.375173315625 0.05718462745098039 0.3615448 0.20052886029411765 0.41525768437500005 0.19801433823529413 0.434498365625 0.054670102941176475 0.3727684765625 0.05341232843137255
1 0.375975146875 0.0031157107843137253 0.374371484375 0 0.376776978125 0.06347144852941176 0.4417135375 0.054670102941176475 0.4417135375 0 0.375975146875 0.0031157107843137253
1 0.852979725 0.3363295245098039 0.8513767171875 0.33884404656862743 0.868211903125 0.4708724142156863 0.93555395625 0.4708724142156863 0.9347521249999999 0.33004270343137254 0.852979725 0.3363295245098039
2 0.061712884375 0.19801433823529413 0 0.20052886029411765 0.0023878359375 0.37153695343137255 0.07614323125 0.40422985784313725 0.0977887515625 0.245796431372549 0.0569032046875 0.24076636029411766 0.061712884375 0.19801433823529413
2 0 0.19801433823529413 0.103400915625 0.20304440931372547 0.0849620671875 0.09490657843137255 0 0.08861975735294117 0 0.19424203921568628 0 0.19801433823529413
2 0.5034434265625001 0.48218930637254903 0.5050470890625001 0.48218930637254903 0.5026415953125001 0.5375149730392157 0.7920516671875 0.4897339019607843 0.788844996875 0.4080021544117647 0.5034434265625001 0.48218930637254903
2 0.8882544140625 0.9172531053921569 0.8834440812500001 0.948688237745098 0.9993459781249999 0.9386291176470589 0.9993459781249999 0.760076431372549 0.9988868546875 0.7613342058823529 0.9243302812499999 0.760076431372549 0.9219247875000001 0.7889970367647059 0.879435578125 0.8128875710784313 0.8882544140625 0.9172531053921569
2 0.33829561875 0.8719865612745098 0.454540221875 0.9097085122549019 0.462427328125 0.8466195441176471 0.345510790625 0.819175419117647 0.33829561875 0.8719865612745098
2 0.17555264843750001 0.839293656862745 0.18036298281250002 0.8317490612745098 0.335890778125 0.8732433088235294 0.344708959375 0.8242044656862745 0.17074296875 0.7889970367647059 0.17555264843750001 0.839293656862745
2 0.0400673640625 0.8091163014705883 0.0424722046875 0.8204321666666667 0.032050359375 0.999243387254902 0.28859123593749997 0.999243387254902 0.30221975156249997 0.8656997401960784 0.0400673640625 0.8091163014705883
2 0.26614388437500003 0.10496569607843137 0.26373839062500004 0.1062234705882353 0.26373839062500004 0.19424203921568628 0.325468934375 0.179153875 0.323865271875 0.10496569607843137 0.26614388437500003 0.10496569607843137
2 0.12985676875000002 0.09490657843137255 0.12825310625 0.09742212745098039 0.12424460468750001 0.15777786274509803 0.26213538281250004 0.15526231372549018 0.2605317203125 0.10370894607843137 0.12985676875000002 0.09490657843137255
2 0.16513080468750002 0.09742212745098039 0.32226160937500004 0.10999576715686274 0.30863309375000003 0.005631259803921569 0.31023675625 0.0018589632352941177 0.16032047031250002 0.000601186274509804 0.16513080468750002 0.09742212745098039
2 0.54112295625 0 0.5387181171875 0.0031157107843137253 0.51146043125 0.2369940637254902 0.5499417921875 0.2445386568627451 0.5763969921875 0 0.54112295625 0
1 0.5058489203125001 0.000601186274509804 0.5082537609375 0.0031157107843137253 0.484202746875 0.2193903480392157 0.5066500984375 0.23950858578431372 0.5379162843749999 0.000601186274509804 0.5058489203125001 0.000601186274509804