1 0.7872488340807174 0.7428802453125 0.7834427062780268 0.74420623125 0.768218197309417 0.9997880453124999 0.9870720470852018 0.9948312843749999 0.9908781748878924 0.7561407375 0.7872488340807174 0.7428802453125
2 0.3343163183856502 0.7243153875 0.32860682286995513 0.7269675703125 0.29435167713004484 0.9997880453124999 0.7644120695067264 0.9948312843749999 0.7834427062780268 0.7415540484375 0.3343163183856502 0.7243153875
2 0 0.5797751171875001 0.322897937219731 0.5877312421875 0.34954082959641253 0.3211935140625 0.03172675112107623 0.30925900781250004 0.02601756053811659 0.31058499375 0 0.3782140734375 0 0.5797751171875001
2 0.34954082959641253 0.28406379843749996 0.3799901524663677 0.0016133953125 0.22770117040358745 0.0003499953125 0.04124237443946188 0.274781475 0.34954082959641253 0.28406379843749996
2 0.38379628026905827 0.253564434375 0.3895054708520179 0.25489063125 0.32860682286995513 0.7137068671875 0.44279156053811664 0.7243153875 0.49988408071748874 0.2509124625 0.38379628026905827 0.253564434375
2 0.41995479596412555 0.0016133953125 0.40663304484304935 0 0.372377899103139 0.24693429375 0.5017871457399103 0.2363257734375 0.5208177825112108 0.0016133953125 0.41995479596412555 0.0016133953125
2 0.6654518430493274 0.43921280156250003 0.657146735426009 0.436394659375 0.6464212062780269 0.7256413734375 0.9661380426008969 0.732271725 0.9623319147982063 0.42462611250000004 0.6654518430493274 0.43921280156250003
2 0.6730640986547085 0.24826027968750003 0.6730640986547085 0.24693429375 0.6597426524663678 0.43390843593749995 0.9623319147982063 0.411365409375 0.9528165964125561 0.2403039421875 0.6730640986547085 0.24826027968750003
2 0.9509135313901346 0.0016133953125 0.6997072937219732 0.0029393812500000003 0.6928353385650224 0.0003317078125 0.6768702242152467 0.237651759375 0.7282532511210762 0.2363257734375 0.9509135313901346 0.2363257734375 0.9509135313901346 0.0016133953125
2 0.6388086457399104 0.7282935562499999 0.6559365246636771 0.253564434375 0.5170116547085202 0.25489063125 0.5113024641255606 0.2601947859375 0.45230718385650226 0.7243153875 0.6388086457399104 0.7282935562499999
2 0.5227211502242153 0.0785247984375 0.5208177825112108 0.0745466296875 0.5132055269058297 0.24826027968750003 0.6673549058295964 0.249586265625 0.6844824798206277 0.0626121234375 0.5227211502242153 0.0785247984375
2 0.02030836995515695 0.5850792703125001 0.008889986547085203 0.5864052562500001 0.005083858744394619 0.998809453125 0.277223798206278 0.9997880453124999 0.3190915044843049 0.5930356078125001 0.02030836995515695 0.5850792703125001