3 0.8365979424603174 0.488088853125 0.8304449067460318 0.41056603437500006 0.8365979424603174 0.40410581562500003 0.71558325 0.40410581562500003 0.7258389107142857 0.488088853125 0.8365979424603174 0.488088853125
0 0.40996948412698414 0.7852598953125 0.4427871369047619 0.5042394984375 0.446889248015873 0.50262439375 0.09410005952380954 0.4993943859375 0.07153806746031746 0.786875 0.40996948412698414 0.7852598953125
2 0.9268464246031747 0.7594188203125001 0.8550580813492064 0.49293396562499997 0.8509557142857144 0.49293396562499997 0.711481138888889 0.49293396562499997 0.7032766626984127 0.3944153875 0.44894043055555555 0.3814949515625 0.4325314761904762 0.78041478125 0.9268464246031747 0.7594188203125001
2 0.43868502777777774 0.49293396562499997 0.4366335873015873 0.3814949515625 0.44894043055555555 0.3814949515625 0.02026053373015873 0.3766498390625 0.010005128968253969 0.49454907031250006 0.43868502777777774 0.49293396562499997
2 0.4591958353174603 0.373419628125 0.469451496031746 0.161846728125 0.4632979464285714 0.1553867125 0.0858958373015873 0.1683071484375 0.053077928571428575 0.3718045234375 0.4591958353174603 0.373419628125
2 0.6909700753968254 0.38311005625 0.6725101924603174 0.28297637343750004 0.6807144146825397 0.27813105781249997 0.47560453373015876 0.2635955171875 0.4674000555555555 0.3782647421875 0.6909700753968254 0.38311005625
1 0.47355360714285716 0.1489262921875 0.47765571626984127 0.253905290625 0.6704590099206349 0.265210621875 0.6562852619047619 0.161575490625 0.47355360714285716 0.1489262921875
2 0.8448024206349206 0.9997980609375 0.8263425396825397 0.7884901046875 0.8304449067460318 0.786875 0.4838090119047619 0.7965652265625 0.4038161904761905 0.9984476984375 0.8448024206349206 0.9997980609375
2 0 0.9920093015625 0.3935605297619048 0.9997980609375 0.4769843908730159 0.7965856078125 0 0.8110672890625 0 0.9920093015625
2 0.469451496031746 0 0.33407877579365075 0.001955978125 0.33612995833333337 0.1489262921875 0.469451496031746 0.15377160781250002 0.47355360714285716 0 0.469451496031746 0
1 0.33202759126984127 0.152156503125 0.33407877579365075 0.006801090625000001 0.3258745535714286 0 0.24177936706349207 0.0084161953125 0.22126830357142857 0.150541396875 0.33202759126984127 0.152156503125
2 0.21921711904761904 0.15861672031250001 0.23357489087301586 0.014876414062500001 0.23152396428571428 0.013261307812500001 0.13922455555555555 0.0051859859375 0.10845782936507936 0.1553867125 0.21921711904761904 0.15861672031250001
2 1 0.38957027499999997 0.9965838392857143 0.0649432546875 0.9883793630952381 0.0665583609375 0.6561014940476191 0.039102382812499996 0.6950724424603174 0.3863400640625 1 0.38957027499999997
2 0.6602036051587301 0.152156503125 0.6499479444444444 0.037487278125 0.6478970178571428 0.039102382812499996 0.4797069007936508 0.001955978125 0.4817580833333333 0.150541396875 0.6602036051587301 0.152156503125
2 1 0.9997980609375 0.9924817301587302 0.782029684375 0.9904305456349206 0.78041478125 0.8345470158730158 0.7884901046875 0.8632623015873017 0.9997980609375 1 0.9997980609375
2 1 0.39764559843749997 0.9986350238095238 0.3911853796875 0.8489047876984127 0.38795517031250004 0.8714667797619048 0.523620153125 0.9309487916666667 0.7626490312499999 1 0.7594188203125001 1 0.39764559843749997