1 0.8318254203125001 1 0.8630338359374999 0.6358103173758866 0.6612286328125 0.5949858865248228 0.6627930765625 0.6011929539007093 0.6440639859374999 1 0.8318254203125001 1
1 0.9998044203124999 1 0.9998044203124999 0.6535599840425531 0.8692912187499999 0.6358103173758866 0.8661625265625 0.6429102287234042 0.8396368843750001 1 0.9998044203124999 1
1 0.1199534515625 0.7210094698581561 0.004189321875000001 0.7085846808510637 0.0026250734375 0.9464322482269503 0.098052025 0.9606322925531915 0.1199534515625 0.7210094698581561
2 0.4516299765625 1 0.459423821875 0.7440842358156028 0.24823254375 0.7352092907801419 0.2466681015625 0.7476343014184398 0.2435508375 1 0.4516299765625 1
2 0.5847503984375 1 0.6283766875000001 0.9996819113475177 0.659664384375 0.5985357304964539 0.4656812046875 0.5861109414893617 0.47037453593749995 0.5949858865248228 0.4578879015625 1 0.5847503984375 1
2 0.12621103125 0.7281096028368794 0.12308214375 0.736984324468085 0.0964877765625 0.965957170212766 0.24041052187499998 0.9943570336879433 0.245103853125 0.740534390070922 0.12621103125 0.7281096028368794
2 0.005753765625 0.17253952836879433 0.0073182078125 0.1743145620567376 0.0026250734375 0.6997097375886525 0.1512409546875 0.7174596258865248 0.143419128125 0.17963943971631205 0.005753765625 0.17253952836879433
2 0.45003755156249997 0.14591491843971632 0.7472695093749999 0.19206445035460992 0.7582202234375 0.005691069148936171 0.761349109375 0.003916258865248227 0.4516018 0.0021412251773049646 0.45003755156249997 0.14591491843971632
2 0.15749853281249998 0.1689896843971631 0.15280539843750002 0.17963943971631205 0.15906297656249999 0.7174596258865248 0.45785937812500005 0.7387593581560283 0.4484731078125 0.18673957269503547 0.15749853281249998 0.1689896843971631
2 0.14185468437499998 0 0.144983571875 0.0021412251773049646 0.1481122625 0.16188977304964539 0.445344415625 0.17253952836879433 0.44690885937499997 0.011016168439716312 0.14185468437499998 0
2 0.1371253171875 0.003996487588652483 0.004189321875000001 0.005691069148936171 0.0026250734375 0.1689896843971631 0.1355973015625 0.17253952836879433 0.1371253171875 0.003996487588652483
2 0.75509153125 0.007466324468085107 0.7566559749999999 0.009241136524822694 0.7410121265625 0.6038606081560284 0.9991347546875 0.6482353280141844 0.986619596875 0 0.75509153125 0.007466324468085107
2 0.4484731078125 0.1583397074468085 0.4516018 0.1654396170212766 0.4625525125 0.4015123741134752 0.7457052609375 0.4157124166666667 0.748833953125 0.19561429432624114 0.4484731078125 0.1583397074468085
2 0.459423821875 0.4068374734042553 0.459423821875 0.41216235106382976 0.46411695625 0.5719108989361702 0.7300616078125 0.5914355975177306 0.7331903 0.4228123280141844 0.459423821875 0.4068374734042553