0 0.4296075859375 0.3144066985294117 0.43033420468749994 0.31668526225490196 0.43033420468749994 0.40440221078431376 0.640237409375 0.41465420098039213 0.6438685421875 0.3189638235294117 0.4296075859375 0.3144066985294117
0 0.3293773703125 0.30984957598039214 0.32574558593749997 0.31212813725490196 0.317030084375 0.398706318627451 0.43323937187499995 0.40440221078431376 0.4252498359375 0.308710806372549 0.3293773703125 0.30984957598039214
0 0.168136690625 0 0.1521582734375 0.26997832843137254 0.21098888124999998 0.2517518823529412 0.2095362984375 0.0798789411764706 0.2088096796875 0 0.1710418578125 0 0.168136690625 0
0 0.2567462390625 0.15620410539215684 0.2523884890625 0.0024150098039215687 0.2088096796875 0.0035537769607843135 0.2117155 0.25417304656862744 0.26691497656249996 0.2484771544117647 0.26400915625 0.15620410539215684 0.2567462390625 0.15620410539215684
0 0.9162341406250001 0.18618448529411763 0.91478155625 0.19302017156862744 0.924223675 0.3035206911764706 0.99104381875 0.31605124509803917 0.9993459781249999 0.1964375024509804 0.9162341406250001 0.18618448529411763
0 0.64604774375 0.7880737132352941 0.6475003265625 0.7949093995098039 0.6475003265625 0.8484509926470588 0.808740353125 0.8678162058823529 0.7695199484375 0.8085797450980392 0.64604774375 0.7880737132352941
0 0.490617396875 0.6388417401960784 0.4935232171875 0.6502335245098039 0.500786134375 0.757316713235294 0.626437540625 0.7675687034313725 0.626437540625 0.6456763995098039 0.490617396875 0.6388417401960784
0 0.49715435 0.5488462279411764 0.4942491828125 0.5454288970588235 0.4949758015625 0.6354244093137255 0.632247875 0.6502335245098039 0.6380582078125 0.5545421200980393 0.49715435 0.5488462279411764
0 0.3882079796875 0.5328983455882353 0.38385022968750004 0.5283412205882353 0.39401831249999997 0.6274499534313726 0.49860693281249996 0.6399805073529412 0.48989143281249997 0.5328983455882353 0.3882079796875 0.5328983455882353
0 0.49570176562499996 0.6354244093137255 0.3620608234375 0.624032625 0.36278744218750003 0.6251713921568628 0.366419228125 0.6285887230392158 0.36569260937500003 0.7470636960784314 0.500786134375 0.756176919117647 0.49570176562499996 0.6354244093137255
0 0.3279247875 0.22418035539215686 0.182663178125 0.26746893382352943 0.182663178125 0.27316482598039216 0.186294309375 0.33240231372549023 0.1986415953125 0.35062875980392155 0.3264722046875 0.2925310661764706 0.3279247875 0.22418035539215686
1 0.2705461078125 0.43151104901960785 0.27417789375 0.4303722794117647 0.26400915625 0.5385942377450981 0.30831458437500003 0.5169494362745098 0.312672334375 0.41328460294117647 0.2705461078125 0.43151104901960785
1 0.8508665796875 0.28113928186274506 0.8501406140625001 0.28000051225490197 0.854498365625 0.3483512230392157 0.895897971875 0.3437940980392157 0.8922661875 0.28455661029411766 0.8508665796875 0.28113928186274506
1 0.9293080437500001 0.4839128480392157 0.9256762593750001 0.48733120343137254 0.8951713531250001 0.5796042524509804 0.9993459781249999 0.5739083602941176 0.9993459781249999 0.4861914093137255 0.9293080437500001 0.4839128480392157
1 0.7390150421875 0.4645476348039216 0.7390150421875 0.46796496568627455 0.7302995421875 0.5545421200980393 0.7760569 0.5499860220588235 0.78114126875 0.47024352696078436 0.7390150421875 0.4645476348039216
1 0.6903525187499999 0.4588517426470588 0.6903525187499999 0.46112927941176474 0.6830896015625 0.537454443627451 0.732478090625 0.5511247892156863 0.73683649375 0.4565731789215686 0.6903525187499999 0.4588517426470588
1 0.6598476125 0.4531558504901961 0.6562158265625 0.4565731789215686 0.6518580765624999 0.5328983455882353 0.6823629828125 0.5408717720588235 0.6859947671875 0.46226907352941177 0.6598476125 0.4531558504901961
1 0.6533106609375 0.5420115661764706 0.65476324375 0.5477074607843138 0.6511321125 0.6217540612745098 0.6714682796875 0.6217540612745098 0.680184434375 0.5442901299019608 0.6533106609375 0.5420115661764706
1 0.307587965625 0.5249238897058823 0.30904055 0.5328983455882353 0.30831458437500003 0.6228928308823529 0.3961975140625 0.6263101593137255 0.38094506250000004 0.5237840955882354 0.307587965625 0.5249238897058823
0 0.5022387187499999 0.8336408529411765 0.5036913015625 0.783517612745098 0.39336102031250003 0.7765670245098039 0.3925657296875 0.7755431593137254 0.3932923484375 0.8211102990196077 0.5022387187499999 0.8336408529411765
0 0.505143884375 0.7892135073529413 0.505143884375 0.7846563823529412 0.5036913015625 0.8336408529411765 0.6155428390625 0.8416153063725491 0.6148162203124999 0.8006052916666666 0.505143884375 0.7892135073529413
1 0.6475003265625 0.8803477867647058 0.6467737078125 0.8803477867647058 0.6445951609375 0.9133843725490196 0.737562459375 0.9213578014705882 0.733931328125 0.8849049093137255 0.6475003265625 0.8803477867647058
1 0.7397416609375 0.8871824460784313 0.736109875 0.8871824460784313 0.736109875 0.9293322549019607 0.823993459375 0.9236363627450981 0.820361675 0.8917395710784314 0.7397416609375 0.8871824460784313
1 0.5138593859375 0.8678162058823529 0.5131334203125 0.9190802647058824 0.6031955531250001 0.9202190343137255 0.598837803125 0.8735121004901961 0.5138593859375 0.8678162058823529
1 0.4317867890625 0.9555331568627451 0.428881621875 0.8906008039215687 0.29887246562500003 0.8883222401960784 0.2901563109375 0.999243387254902 0.37803989531250004 0.999243387254902 0.37803989531250004 0.9475597279411765 0.4317867890625 0.9555331568627451
2 0.1463472859375 0.48049551715686273 0.1441687375 0.47935675 0.1398109875 0.5989704926470588 0.269093525 0.5420115661764706 0.2676409421875 0.4303722794117647 0.1463472859375 0.48049551715686273
2 0.14562132187500001 0.37569089215686274 0.14707390468749998 0.3768306862745098 0.1441687375 0.4816353112745098 0.3133983 0.40644891666666666 0.32211445312500003 0.2936698333333333 0.14562132187500001 0.37569089215686274
2 0.4848070640625 0.4406242696078431 0.490617396875 0.4429028333333333 0.4942491828125 0.5465676666666667 0.636605625 0.5522635588235294 0.640237409375 0.4531558504901961 0.4848070640625 0.4406242696078431
2 0.3773132765625 0.44176406372549015 0.3773132765625 0.4451813946078431 0.384576846875 0.5328983455882353 0.48989143281249997 0.5328983455882353 0.490617396875 0.4440416004901961 0.3773132765625 0.44176406372549015
2 0.31412491875000004 0.43720694117647063 0.3133983 0.4440416004901961 0.3054087640625 0.5306197818627452 0.3497135375 0.5249238897058823 0.3453557875 0.4406242696078431 0.31412491875000004 0.43720694117647063
0 0.351166775 0.43948550245098034 0.346808371875 0.44176406372549015 0.351892740625 0.5294799877450981 0.380219096875 0.5226453284313726 0.37586069375000003 0.4406242696078431 0.351166775 0.43948550245098034
2 0.317030084375 0.40075302205882357 0.317030084375 0.4041703529411764 0.317030084375 0.4406242696078431 0.636605625 0.4485987254901961 0.634426421875 0.4144233700980392 0.317030084375 0.40075302205882357
2 0.2059045125 0.7584554803921568 0.19791563125 0.7584554803921568 0.1899260953125 0.6809915490196079 0.059916939062499994 0.6866874411764706 0.061369521875 0.6889660024509803 0.0686324390625 0.7721258284313726 0.11584238124999999 0.7994654975490195 0.2037259640625 0.791492068627451 0.2059045125 0.7584554803921568
2 0.895897971875 0.5784654852941177 0.8922661875 0.5841613774509804 0.8951713531250001 0.7538983578431373 0.9993459781249999 0.7379504730392157 0.9990333546875 0.5773256911764706 0.895897971875 0.5784654852941177
2 0.0010856765625 0.38252657843137255 0.0003597125 0.3836653455882353 0.0025382609375 0.4531558504901961 0.1412635703125 0.4212580318627451 0.1463472859375 0.35404711519607845 0.0010856765625 0.38252657843137255
2 0.042485284375 0.08513574264705882 0.0417593203125 0.09083163480392156 0.0352223671875 0.3733476960784314 0.0926003921875 0.3562600196078431 0.0976847609375 0.08285717892156863 0.042485284375 0.08513574264705882
2 0.1557894046875 0.08741430392156863 0.0991373453125 0.0794398480392157 0.096958796875 0.08627450980392158 0.09187442812499999 0.35512125 0.123831915625 0.35512125 0.14707390468749998 0.3539814558823529 0.1557894046875 0.08741430392156863
2 0.1514316546875 0.28107464950980393 0.14997907187499998 0.27993485539215684 0.1485264875 0.37220892892156865 0.1884735125 0.3528426887254902 0.181936559375 0.26626450735294116 0.1514316546875 0.28107464950980393
2 0.33373512031249997 0.003114683823529412 0.33664028749999997 0.005393247549019609 0.3330085015625 0.19107913725490197 0.42379725312499994 0.18994036764705882 0.4223446703125 0 0.33373512031249997 0.003114683823529412
2 0.5472694578125 0.003114683823529412 0.5465434921875 0 0.536375409375 0.18652201225490198 0.5901216484375 0.19107913725490197 0.5973852187500001 0.0008361225490196078 0.5472694578125 0.003114683823529412
2 0.5973852187500001 0.0008361225490196078 0.5893956828125 0.1922179044117647 0.6467737078125 0.1888005735294118 0.6554898625 0.0008361225490196078 0.5973852187500001 0.0008361225490196078
0 0.42742903906249996 0.005393247549019609 0.4259764546875 0.008810578431372548 0.428155003125 0.1922179044117647 0.46737606249999997 0.19335769852941176 0.47028122968749997 0 0.42742903906249996 0.005393247549019609
0 0.4717338125 0 0.47100719375000005 0.0008361225490196078 0.46882864687500003 0.19335769852941176 0.5341962062500001 0.18994036764705882 0.536375409375 0 0.4717338125 0
2 0.8465088296875001 0.3978507034313725 0.8479614124999999 0.27937573039215685 0.748469878125 0.2922902156862745 0.752088946875 0.4012680343137255 0.8465088296875001 0.3978507034313725
2 0.5755958140625 0.23608715196078434 0.5734166125 0.23608715196078434 0.5690588625 0.31924697794117646 0.6380582078125 0.3146908774509804 0.640963375 0.23266982107843137 0.5755958140625 0.23608715196078434
2 0.64604774375 0.23380859068627452 0.6445951609375 0.18824144852941174 0.572617896875 0.19451287990196078 0.571964028125 0.24064427696078433 0.64604774375 0.23380859068627452
2 0.4296075859375 0.23722591911764704 0.4296075859375 0.3044378602941176 0.568332896875 0.31810820833333336 0.5734166125 0.2349483823529412 0.4296075859375 0.23722591911764704
2 0.4296075859375 0.19735467156862746 0.4259764546875 0.19735467156862746 0.4259764546875 0.23608715196078434 0.5697854812500001 0.2349483823529412 0.5705114453125 0.19849446568627452 0.4296075859375 0.19735467156862746
2 0.33010333593749996 0.1893802181372549 0.3322825375 0.19279857352941177 0.32356703750000004 0.31127252205882355 0.42742903906249996 0.3078551911764706 0.42379725312499994 0.1962159044117647 0.33010333593749996 0.1893802181372549
2 0.83416154375 0.8489660024509804 0.83416154375 0.8523833333333334 0.8392459125 0.9082024656862745 0.9961281890624999 0.8945331446078431 0.9990333546875 0.8261824338235294 0.83416154375 0.8489660024509804
2 0.8327089593749999 0.9685797450980392 0.8356141265625 0.9685797450980392 0.9598129500000001 0.974275637254902 0.9612655328124999 0.8979504730392156 0.8370667109375001 0.9025065710784315 0.8327089593749999 0.9685797450980392
2 0.6997946374999999 0.2349483823529412 0.7005206015625001 0.24064427696078433 0.702699803125 0.27937573039215685 0.8348875078125 0.2782369607843137 0.8363400921874999 0.2383657132352941 0.6997946374999999 0.2349483823529412
2 0.7477305421875 0.40012926470588234 0.746277959375 0.2782369607843137 0.702699803125 0.2881428161764706 0.702699803125 0.3944333725490196 0.7477305421875 0.40012926470588234
2 0.661300196875 0.2839328529411765 0.6569424453125 0.28507162254901963 0.6562158265625 0.39215481127450985 0.69906801875 0.3967109093137255 0.7034257687500001 0.28051552450980394 0.661300196875 0.2839328529411765
2 0.6598476125 0.3967109093137255 0.65912099375 0.3932935784313726 0.65476324375 0.4422780490196078 0.8486873781250001 0.46392285049019605 0.8465088296875001 0.39898947058823525 0.6598476125 0.3967109093137255
2 0.274903859375 0.07122430392156863 0.27563047812499997 0.07350184068627451 0.27563047812499997 0.12476487254901962 0.3308299546875 0.1053996593137255 0.3286507515625 0.056414161764705886 0.274903859375 0.07122430392156863
2 0.27563047812499997 0.013125585784313725 0.273451275 0.017682708333333335 0.274903859375 0.07122430392156863 0.33155591875 0.05755395588235294 0.3279247875 0 0.27563047812499997 0.013125585784313725
2 0.6852727265625 0.5434027107843137 0.6852727265625 0.5456812720588236 0.67946239375 0.61517075 0.72304055 0.623145205882353 0.73248266875 0.5559332647058823 0.6852727265625 0.5434027107843137
2 0.7339352515625001 0.5570730588235294 0.73387508125 0.5557896348039215 0.7288508828125 0.6242839730392157 0.761534990625 0.6345369901960785 0.7724296921875 0.5570730588235294 0.7339352515625001 0.5570730588235294
2 0.9235016343750001 0.3189843431372549 0.9235016343750001 0.3212629044117647 0.92495421875 0.4818866617647059 0.9801536953125 0.47733056372549015 0.9728907781249999 0.30873132598039216 0.9235016343750001 0.3189843431372549
2 0.7963976453125 0.8140047965686276 0.8944493124999999 0.8014732181372549 0.891544146875 0.7513489534313725 0.8893649437500001 0.7502101838235294 0.7818718109375 0.7684366299019608 0.7963976453125 0.8140047965686276
2 0.2959712234375 0.8820620931372548 0.50006409375 0.8991497720588236 0.500790059375 0.8615570857843137 0.50442184375 0.8615570857843137 0.3010555921875 0.8410510514705882 0.2959712234375 0.8820620931372548
0 0.3882125578125 0.5323340906862745 0.38385480781250003 0.5334728578431372 0.3911177234375 0.625746931372549 0.4928005234375 0.6394172794117647 0.48916939218750005 0.5334728578431372 0.3882125578125 0.5323340906862745
2 0 0.517524975490196 0.0013786781249999999 0.5186637426470588 0.14082995468749998 0.4947414044117647 0.14155591875 0.41955500735294116 0 0.45714769362745095 0 0.517524975490196
2 0.0028312625 0.5209423039215686 0.0006520609375 0.5232208676470588 0 0.6439733774509804 0.13647220468750001 0.6075194607843137 0.1386507515625 0.49246284313725486 0.0028312625 0.5209423039215686
2 0.059483321874999995 0.6348601544117647 0.060935906250000005 0.6348601544117647 0.06602027499999999 0.6827058578431373 0.21927141875 0.6701742769607844 0.2083767171875 0.5801797916666667 0.059483321874999995 0.6348601544117647
1 0.1909450625 0.6827058578431373 0.19457684687500001 0.7214373088235294 0.23307128906250002 0.712324088235294 0.2279869203125 0.6678967426470588 0.1909450625 0.6827058578431373
1 0.2323446703125 0.6610610539215687 0.23089208593750002 0.6678967426470588 0.2323446703125 0.7487780049019608 0.3035232171875 0.7282729975490195 0.30497580156250004 0.6348601544117647 0.2323446703125 0.6610610539215687
0 0.2991648140625 0.5722053382352941 0.24614453906249997 0.5915715759803921 0.24687115781250002 0.598406237745098 0.24904970624999997 0.6143551470588235 0.2737442765625 0.6200510392156863 0.3027965984375 0.6097980220588235 0.2991648140625 0.5722053382352941
2 0.0034695875000000003 0.08589492156862745 0.0013786781249999999 0.0824765637254902 0.001291040625 0.38663742892156866 0.0354270765625 0.37524564215686274 0.0434166125 0.07450313480392157 0.0034695875000000003 0.08589492156862745
2 0.3760562453125 0.9535326176470589 0.3782354484375 0.9580887156862745 0.3782354484375 0.999243387254902 0.5017076515625 0.9990997573529412 0.5017076515625 0.9592285098039216 0.3760562453125 0.9535326176470589
2 0.6368011765625 0.9296092549019608 0.6375277953125 0.9763161887254901 0.737032046875 0.9911253039215686 0.736305428125 0.9489754926470588 0.6368011765625 0.9296092549019608
2 0.4523191625 0.9170787009803922 0.448687378125 0.9204960318627451 0.4450555921875 0.9546713848039216 0.6106540218750001 0.9763161887254901 0.6099280578124999 0.9239133602941177 0.4523191625 0.9170787009803922
2 0.7595474171875 0.6345626397058824 0.6506010468750001 0.6231708529411765 0.64987508125 0.6231708529411765 0.64987508125 0.6243096225490196 0.6469692609375 0.7359489093137255 0.7595474171875 0.7370887034313726 0.7595474171875 0.6345626397058824
2 0.82782014375 0.5946913921568627 0.8423466312500001 0.4762164166666667 0.8168390234375 0.48134551225490196 0.8009470234375 0.5867169362745098 0.82782014375 0.5946913921568627
2 0.9033564421875001 0.46710319362745095 0.8641353828125 0.4693807303921569 0.8605042515625 0.47279908578431373 0.8408940484375 0.5924128284313726 0.8648620015624999 0.5627935735294117 0.88665140625 0.5491232254901961 0.9033564421875001 0.46710319362745095
2 0.75664225 0.14730427450980393 0.75664225 0.1504107524509804 0.7588207984374999 0.19369932843137255 0.8735775015625 0.18914323039215689 0.87212491875 0.154967875 0.75664225 0.14730427450980393
2 0.6665801171875 0.05389143137254902 0.6665801171875 0.055031225490196074 0.663674296875 0.14958283578431372 0.8750300843750001 0.15413996078431375 0.87212491875 0.07325767156862746 0.6665801171875 0.05389143137254902
2 0.673843034375 0.0014896323529411766 0.6709378671875 0.006046757352941177 0.6673060828125 0.055031225490196074 0.8546939171875 0.06984034068627451 0.8699463703125 0 0.673843034375 0.0014896323529411766
2 0.669485284375 0.14370535539215687 0.668758665625 0.14370535539215687 0.6702112484375 0.1915510588235294 0.7595474171875 0.19610818382352943 0.7559156312499999 0.14826248039215686 0.669485284375 0.14370535539215687
2 0.8575990843750001 0.34744636274509805 0.8546939171875 0.3497249264705882 0.8583250484375 0.4636427745098039 0.9019038593750001 0.4579468823529412 0.89100915625 0.3440290343137255 0.8575990843750001 0.34744636274509805