3 0.16340205753968254 0.40410581562500003 0.16955509325396825 0.41056603437500006 0.16340205753968254 0.488088853125 0.2741610892857143 0.488088853125 0.28441675 0.40410581562500003 0.16340205753968254 0.40410581562500003
0 0.553110751984127 0.50262439375 0.5572128630952381 0.5042394984375 0.5900305158730159 0.7852598953125 0.9284619325396826 0.786875 0.9058999404761905 0.4993943859375 0.553110751984127 0.50262439375
2 0.2967233373015873 0.3944153875 0.28851886111111114 0.49293396562499997 0.1490442857142857 0.49293396562499997 0.14494191865079364 0.49293396562499997 0.0731535753968254 0.7594188203125001 0.5674685238095238 0.78041478125 0.5510595694444445 0.3814949515625 0.2967233373015873 0.3944153875
2 0.5510595694444445 0.3814949515625 0.5633664126984127 0.3814949515625 0.5613149722222222 0.49293396562499997 0.9899948710317461 0.49454907031250006 0.9797394662698412 0.3766498390625 0.5510595694444445 0.3814949515625
2 0.5367020535714286 0.1553867125 0.530548503968254 0.161846728125 0.5408041646825397 0.373419628125 0.9469220714285714 0.3718045234375 0.9141041626984128 0.1683071484375 0.5367020535714286 0.1553867125
2 0.3192855853174603 0.27813105781249997 0.32748980753968254 0.28297637343750004 0.3090299246031746 0.38311005625 0.5325999444444444 0.3782647421875 0.5243954662698413 0.2635955171875 0.3192855853174603 0.27813105781249997
1 0.5223442837301587 0.253905290625 0.5264463928571429 0.1489262921875 0.34371473809523806 0.161575490625 0.3295409900793651 0.265210621875 0.5223442837301587 0.253905290625
2 0.16955509325396825 0.786875 0.17365746031746032 0.7884901046875 0.15519757936507936 0.9997980609375 0.5961838095238094 0.9984476984375 0.5161909880952381 0.7965652265625 0.16955509325396825 0.786875
2 1 0.8110672890625 0.5230156091269842 0.7965856078125 0.6064394702380952 0.9997980609375 1 0.9920093015625 1 0.8110672890625
2 0.5264463928571429 0 0.530548503968254 0.15377160781250002 0.6638700416666667 0.1489262921875 0.6659212242063492 0.001955978125 0.530548503968254 0 0.5264463928571429 0
1 0.6741254464285714 0 0.6659212242063492 0.006801090625000001 0.6679724087301587 0.152156503125 0.7787316964285714 0.150541396875 0.7582206329365079 0.0084161953125 0.6741254464285714 0
2 0.7684760357142857 0.013261307812500001 0.7664251091269841 0.014876414062500001 0.7807828809523809 0.15861672031250001 0.8915421706349206 0.1553867125 0.8607754444444444 0.0051859859375 0.7684760357142857 0.013261307812500001
2 0.011620636904761904 0.0665583609375 0.0034161607142857145 0.0649432546875 0 0.38957027499999997 0.30492755753968254 0.3863400640625 0.343898505952381 0.039102382812499996 0.011620636904761904 0.0665583609375
2 0.3521029821428571 0.039102382812499996 0.3500520555555555 0.037487278125 0.33979639484126983 0.152156503125 0.5182419166666666 0.150541396875 0.5202930992063493 0.001955978125 0.3521029821428571 0.039102382812499996
2 0.009569454365079366 0.78041478125 0.007518269841269841 0.782029684375 0 0.9997980609375 0.13673769841269842 0.9997980609375 0.16545298412698414 0.7884901046875 0.009569454365079366 0.78041478125
2 0 0.7594188203125001 0.06905120833333334 0.7626490312499999 0.12853322023809524 0.523620153125 0.15109521230158732 0.38795517031250004 0.0013649761904761905 0.3911853796875 0 0.39764559843749997 0 0.7594188203125001