2 1 0.9846971906249999 0.9987284770833333 0.8768693328125 0.34405705625 0.8707577687500001 0.33319103333333333 0.8789065203125 0.3304747833333333 0.9868744265625 1 0.9990942 1 0.9846971906249999
2 0.018079810416666668 0.8666836468750001 0.0072137875 0.8727952109375 0.009930039583333333 0.9909485484375 0.32232535208333335 0.9990973000000001 0.32504194166666667 0.8789065203125 0.018079810416666668 0.8666836468750001
2 1 0.8525235468749999 0.9987284770833333 0.74649286875 0.023512650000000003 0.7363071828125001 0.0129122375 0.7515228015625001 0.01536321875 0.8544610296874999 1 0.8666815390625 1 0.8525235468749999
2 0.01264696875 0.634450840625 0.0072137875 0.644636525 0.004497197916666667 0.7505672437500001 0.6646018 0.74853005625 0.6618852104166667 0.6364880281249999 0.01264696875 0.634450840625
2 0.01264696875 0.524445746875 0.009930039583333333 0.5183341828125 0 0.644636525 0.6537357791666667 0.6385252171875 0.6700346416666666 0.5162972484374999 0.01264696875 0.524445746875
2 0.009930039583333333 0.4144406515625 0.018079810416666668 0.416477840625 0.009930039583333333 0.5142600609375 0.6890497541666666 0.5142600609375 0.67546748125 0.4083293421875 0.009930039583333333 0.4144406515625
2 0.020796060416666665 0.32276974062499997 0.01264696875 0.32684411562500004 0.01536321875 0.4124034640625 0.6700346416666666 0.40018084531250003 0.6564523687499999 0.3125840546875 0.020796060416666665 0.32276974062499997
2 0.35508219166666666 0.11076299999999999 0.36035591875 0.308509934375 0.64286975625 0.3064727453125 0.6537357791666667 0.2738785015625 0.8601884875 0.218876209375 0.8085749708333334 0.1047967390625 0.35508219166666666 0.11076299999999999
2 0.13217184583333333 0.0029401421875 0.12402241458333334 0.00905170625 0.07784207916666668 0.10275955156250001 0.8031421291666666 0.1129452375 0.7488127020833333 0.00497733125 0.13217184583333333 0.0029401421875
2 0.06969298750000001 0.114982425 0.0072137875 0.2066533375 0.35220682708333334 0.24535888906249997 0.3467736458333333 0.114982425 0.06969298750000001 0.114982425
2 0.3630725083333333 0.31665843125 0.3549230770833333 0.2473958234375 0.01827140625 0.217100728125 0.026229241666666667 0.3125840546875 0.3630725083333333 0.31665843125
2 1 0.660938984375 0.6836169125 0.6711192046875001 0.6700346416666666 0.67315639375 0.6700346416666666 0.744455934375 1 0.7464918203125 1 0.660938984375
2 1 0.465391384375 0.6781840729166666 0.5081487515625 0.6781840729166666 0.5203713703124999 0.6646018 0.6711192046875001 1 0.6609386749999999 1 0.465391384375
2 1 0.4546228046875 0.91995075625 0.1903563421875 0.6700346416666666 0.279990065625 0.65916861875 0.2901757515625 0.6999157749999999 0.510185940625 1 0.45521449843750006 1 0.4546228046875