1 0.41629368749999995 0.6829544769503546 0.41082370937499996 0.6847297322695035 0.059375 0.6634768634751773 0.059375 0.8765394840425532 0.38031715781250003 0.911953289007092 0.41629368749999995 0.6829544769503546
1 0.37176786562499997 1 0.38031715781250003 0.9190538652482269 0.3740603609375 0.9155035762411348 0.059375 0.8854035567375887 0.059375 1 0.37176786562499997 1
1 0.09913969375000001 0 0.0940677921875 0.04388882269503546 0.3052354046875 0.06874150531914894 0.3109651109375 0 0.09913969375000001 0
2 0.2927218125 0.21430643262411347 0.281772271875 0.2125311790780142 0.059375 0.20899385815602836 0.059375 0.445112030141844 0.2849007671875 0.45395610992907803 0.2927218125 0.21430643262411347
2 0.4131653875 0.6811794432624113 0.4241147328125 0.4610566861702128 0.41629368749999995 0.46638245212765955 0.059375 0.4522132216312057 0.059375 0.596170664893617 0.059655315625000004 0.6456756737588653 0.4131653875 0.6811794432624113
2 0.08937524375 0.0421137890070922 0.06434786406250001 0.20543037943262413 0.28802906875 0.21075614539007093 0.2989784125 0.07584230496453902 0.29115756406250004 0.07229179432624112 0.08937524375 0.0421137890070922
2 0.3180327625 0 0.30836370468749996 0.10424505496453901 0.78231774375 0.09536922340425531 0.7861374921875 0 0.3180327625 0
2 0.9356097453125001 0.7930158563829787 0.937173796875 0.796566365248227 0.9387380453124999 0.44508005673758866 0.8120374781249999 0.4433050230496454 0.771368203125 0.7805895141843971 0.9356097453125001 0.7930158563829787
2 0.30836370468749996 0.11312110815602837 0.289593315625 0.4521808546099291 0.7760607515625 0.44152976773049646 0.791702840625 0.11134585283687944 0.78231774375 0.10602031028368794 0.30836370468749996 0.11312110815602837
2 0.7979596375 0.10069476595744681 0.788574540625 0.43797947872340426 0.9309170015625 0.4397547340425532 0.940625 0.09359396808510638 0.9387380453124999 0.09714447872340425 0.7979596375 0.10069476595744681
2 0.79036774375 0 0.788574540625 0.08649339184397163 0.9371030953125 0.08822731028368794 0.9362296796875 0 0.79036774375 0
2 0.9393178984375 1 0.9340453015625 0.7894655673758865 0.9324812484375 0.7912408226950354 0.4084728390625 0.7734889379432625 0.37823176406250003 1 0.9393178984375 1
2 0.5867922203125 0.4575063971631206 0.5742784328125 0.778814480496454 0.768239903125 0.7823647695035462 0.8010881328125 0.44152976773049646 0.7948313375 0.44508005673758866 0.5867922203125 0.4575063971631206
2 0.4366285203125 0.4592816524822695 0.41942237968749996 0.7610628173758864 0.5680216359375 0.7646131063829786 0.5820994765624999 0.45395610992907803 0.577406928125 0.45395610992907803 0.4366285203125 0.4592816524822695