2 0.07455622676579925 0.2555040609375 0.06707772862453532 0.2617898875 0.029685237918215614 0.48808278749999995 0.2914329851301115 0.5278933718750001 0.3437824721189591 0.2450275078125 0.07455622676579925 0.2555040609375
2 0.35375390706319704 0.26388525 0.2964185464684015 0.532084096875 0.5232664275092936 0.5488464765625001 0.5656447918215614 0.2534086984375 0.35375390706319704 0.26388525
2 0.004757117100371747 0.5635137546875 0.007249743494423791 0.754186271875 0.47340987732342005 0.8002829453125001 0.5132953048327138 0.5697995812500001 0.02211315241635688 0.503075696875 0.004757117100371747 0.5635137546875
2 0.3014044200743494 0.2282651296875 0.3088826059479554 0.022925334375000002 0.06947578996282527 0.114574025 0.06707772862453532 0.259694525 0.3014044200743494 0.2282651296875
2 0.07455622676579925 0.7919017546875 0.07455622676579925 0.7960922187499999 0.02719261152416357 0.9997380140625 0.45346731970260223 0.9997380140625 0.46593137918215616 0.810759496875 0.07455622676579925 0.7919017546875
2 0.3163614163568773 0.0292111609375 0.3213469776951673 0.0313065234375 0.28894004832713754 0.24083678281249998 0.5656447918215614 0.2450275078125 0.5930658475836431 0.022925334375000002 0.3163614163568773 0.0292111609375
2 0.5731229776951673 0.3812221640625 0.5806017881040892 0.387508253125 0.4783954386617101 0.9997380140625 0.6254727769516728 0.9997380140625 0.7177076914498141 0.389603353125 0.5731229776951673 0.3812221640625
2 0.8647847193308551 0.20521666249999998 0.7974785464684014 0.133976421875 0.7426358122676581 0.11721377968749999 0.605529907063197 0.081593659375 0.6083525762081784 0.08697930312499999 0.5731229776951673 0.3749363375 0.9171345167286244 0.3958894421875 0.9271056412639405 0.2010259359375 0.8647847193308551 0.20521666249999998
2 1 0.40634690781250005 0.722693252788104 0.3937940796875 0.7177076914498141 0.3979845421875 0.6653582044609666 0.8191406859375 0.994412124535316 0.8463796171875 1 0.436844540625 1 0.40634690781250005
2 0.8174211040892193 0.8421891531249999 0.8124352323420074 0.8421891531249999 0.7875068011152416 0.9997380140625 0.9520340724907064 0.9997380140625 0.9595125706319703 0.85266570625 0.8174211040892193 0.8421891531249999
2 0.7800283029739777 0.9997380140625 0.8024641078066914 0.8379984281249999 0.6580017342007435 0.8379984281249999 0.6379368364312268 0.9997380140625 0.7800283029739777 0.9997380140625