2 0.2775939390625 0 0.2737203375 0.13065544607843138 0.27860180625000003 0.13831341911764705 0.5910148921875 0.13831341911764705 0.5904231640625001 0 0.2775939390625 0
2 0.5685674921875 0.3679460367647059 0.5695364984375 0.1505664068627451 0.2131903078125 0.14903473529411765 0.21416662656250002 0.3481439558823529 0.5685674921875 0.3679460367647059
2 0.63923366875 0 0.6398294671875 0.13831341911764705 0.6427583015625 0.14290824019607842 0.818701171875 0.13525026715686272 0.818701171875 0 0.63923366875 0
2 0.6798573 0.3925605098039216 0.81360913125 0.4997730931372549 0.818701171875 0.49670975 0.818701171875 0.14903473529411765 0.6369005125 0.15516103676470588 0.6369005125 0.2976007205882353 0.6798573 0.3925605098039216
1 0.6124932859375 0.3680547254901961 0.601754028125 0.14597139215686275 0.5695364984375 0.14750306372549019 0.5705126953125 0.37724437009803924 0.5714891359375 0.3757126985294118 0.6124932859375 0.3680547254901961
2 0.21152185 0 0.215142821875 0.13065544607843138 0.21807165468749998 0.1367819387254902 0.2659099125 0.13831341911764705 0.26781280625 0 0.21152185 0
2 0.7131282296875 1 0.735505859375 0.8336636421568627 0.47483618125 0.8122212009803922 0.47984669375 1 0.7131282296875 1
2 0.477273009375 1 0.4738599859375 0.804563036764706 0.2828125 0.7956495098039216 0.2844594734375 0.7969050637254902 0.2828207640625 1 0.477273009375 1
2 0.4074721671875 0.7846522671568628 0.4025906984375 0.7877154191176471 0.49533837968750005 0.7938419117647059 0.5041249999999999 0.4032818235294118 0.4016143796875 0.39715533088235294 0.4074721671875 0.7846522671568628
2 0.5187692875 0.7846522671568628 0.5138878171875 0.7846522671568628 0.6056593015625 0.8014998848039215 0.607611815625 0.40634497549019605 0.5187692875 0.4032818235294118 0.5187692875 0.7846522671568628
2 0.818701171875 0.5610372622549019 0.6144458 0.40787645588235294 0.607611815625 0.803031556372549 0.81360913125 0.8367267916666666 0.81360913125 0.8306004901960784 0.818701171875 0.5610372622549019
2 0.399661865625 0.39409217892156867 0.307890503125 0.3910288382352941 0.29324609375 0.7969050637254902 0.398685546875 0.7861839387254901 0.398685546875 0.7846522671568628 0.399661865625 0.39409217892156867
2 0.2971513671875 0.7892470882352941 0.30593786562499997 0.39409217892156867 0.2317397453125 0.381839193627451 0.2063562015625 0.7723992794117648 0.2083088375 0.776994294117647 0.2971513671875 0.7892470882352941