0 0.648111184375 0.3548021911764706 0.64497253125 0.3843403995098039 0.5508090250000001 0.39582759558823527 0.5466239374999999 0.4023914142156863 0.5591792015625 0.5287495343137255 0.7286736421875 0.4959294166666667 0.7349509484375 0.34167455392156865 0.648111184375 0.3548021911764706
0 0.8144669718750001 0.12670180392156863 0.7862177890625001 0.1414709093137255 0.787264225 0.15459957107843136 0.7851720078125 0.24649610784313727 0.9993459781249999 0.22023980882352942 0.9975631125 0.08239449019607843 0.8144669718750001 0.12670180392156863
0 0.8960752125000001 0.41387860784313724 0.89921451875 0.5024932352941176 0.8939829953125 0.5041347034313726 0.9944244609374999 0.4844422205882353 0.9993459781249999 0.33182779901960785 0.8469012421875 0.346597931372549 0.8960752125000001 0.41387860784313724
0 0.18043230937500002 0.7519275710784313 0.17729365625 0.747004193627451 0.1490444734375 0.9964375024509803 0.2306527140625 0.993155593137255 0.24530085000000001 0.7273117132352941 0.18043230937500002 0.7519275710784313
1 0.174155003125 0.7502861029411765 0.136489209375 0.7437222843137254 0.1354434265625 0.7913115073529412 0.0674362328125 0.7683371151960784 0.0632511453125 0.7683371151960784 0.0015219093750000001 0.9078228749999999 0 0.999243387254902 0.1490444734375 0.9964375024509803 0.174155003125 0.7502861029411765
1 0.9211857421874999 0.6748001397058824 0.824929365625 0.6912096838235294 0.817605625 0.740440375 0.8060967953124999 0.999243387254902 0.9274630484375 0.999243387254902 0.9211857421874999 0.6748001397058824
2 0.3802681484375 0.740440375 0.38549967343749997 0.740440375 0.3729444078125 0.999243387254902 0.5037272734375 0.999243387254902 0.5005886203125 0.7256712696078431 0.3802681484375 0.740440375
2 0.25157815625 0.7305936225490196 0.2536703734375 0.7355169975490196 0.2337920203125 0.9980789705882354 0.3677135375 0.9980789705882354 0.38340745625 0.7223893602941176 0.25157815625 0.7305936225490196
2 0.2097279265625 0.5582877450980392 0.2097279265625 0.5648515637254902 0.391776978125 0.5500824583333334 0.3980549375 0.3843403995098039 0.2536703734375 0.3991095049019608 0.2097279265625 0.5582877450980392
2 0.40747155 0.3909042181372549 0.40433224375 0.3909042181372549 0.390731196875 0.5500824583333334 0.5518554609375 0.5238261593137254 0.5382537609375 0.36628938480392154 0.40747155 0.3909042181372549
2 0.40642511406250004 0.005267058823529412 0.3970085015625 0.011830877450980392 0.35934336093749997 0.18906013235294117 0.553947678125 0.16772720833333332 0.5623178546875 0.008548968137254902 0.40642511406250004 0.005267058823529412
2 0.5675493781250001 0.010190436274509804 0.5644107265625 0.00362559068627451 0.5623178546875 0.17921440441176473 0.669036625 0.15131663725490196 0.67949901875 0.0019851495098039216 0.5675493781250001 0.010190436274509804
2 0.6805454546874999 0.00362559068627451 0.6805454546874999 0.006908526960784314 0.672175278125 0.14475281862745099 0.7663387828125 0.11521460784313725 0.7778476125 0.0019851495098039216 0.6805454546874999 0.00362559068627451
1 0.22228253750000002 0.5697749387254902 0.21705166718750002 0.5763387573529412 0.150090909375 0.7174659852941175 0.390731196875 0.694491593137255 0.388638325 0.5615696544117647 0.22228253750000002 0.5697749387254902
1 0.3865461078125 0.5468005490196078 0.388638325 0.5550058357843137 0.390731196875 0.6977735024509805 0.5696415953125 0.6912096838235294 0.553947678125 0.5271090931372548 0.3865461078125 0.5468005490196078
2 0.6209084375 0.7026968799019608 0.5037272734375 0.7256712696078431 0.5110510140625 0.7289531789215686 0.5047737078125001 0.999243387254902 0.627186396875 0.999243387254902 0.631371484375 0.8142858970588236 0.6209084375 0.7026968799019608
1 0.24425441406249998 0.32526398039215687 0.24739306718749998 0.32526398039215687 0.2578554609375 0.40567332352941177 0.48175605 0.37613511274509803 0.4807096140625 0.29244386274509804 0.24425441406249998 0.32526398039215687
1 0.4838482671875 0.2973672401960784 0.4869869203125 0.299007681372549 0.4869869203125 0.3712127622549019 0.749599084375 0.31870016176470584 0.7516913015625 0.2530599264705882 0.4838482671875 0.2973672401960784
2 0.9993459781249999 0.8339773529411765 0.9993459781249999 0.4893655980392157 0.7757553953125 0.5172623406862745 0.7684316546875001 0.5106985220588235 0.7548299546874999 0.6518257475490197 0.931648790625 0.6485438382352942 0.92955591875 0.8290550024509804 0.9993459781249999 0.8339773529411765
2 0.7883106609375 0.25470036764705883 0.7862177890625001 0.26454712254901963 0.7830791359375 0.3482383725490196 0.976637671875 0.31541825245098043 0.9724525828124999 0.2382908210784314 0.7883106609375 0.25470036764705883