3 0.47264423437499997 0.8597017454068241 0.4709675046875 0.8639265748031496 0.473482809375 0.9850352099737533 0.5581647796875 0.9906679658792651 0.560680084375 0.8597017454068241 0.47264423437499997 0.8597017454068241
2 0.6503926625 0.39075895275590555 0.6478773578125 0.39075895275590555 0.6168551359375 0.8244958818897637 0.823110271875 0.844211404199475 0.8474249468749999 0.45412964829396324 0.6503926625 0.39075895275590555
2 0.9991817609375 0.8836417454068242 0.9983431859375 0.493560343832021 0.85161698125 0.4569462020997376 0.8499402515625001 0.45131309448818896 0.8239486375 0.8540689895013124 0.9346220125 0.868151406824147 0.9362991609375 0.8892748530183727 0.9991817609375 0.8836417454068242
1 0.8239486375 0.23726100787401574 0.8189182390624999 0.24007756167979002 0.8247872125000001 0.4330062020997375 0.9997903562499999 0.4710282650918635 0.9983431859375 0.2668341181102362 0.8239486375 0.23726100787401574
2 0.6436851156250001 0.38512584776902886 0.819756603125 0.43863895538057746 0.8096953875 0.22881170078740157 0.6453620546875001 0.2006468687664042 0.6380297859375 0.2412865905511811 0.6436851156250001 0.38512584776902886
2 0.6763842765625 0.007718230971128609 0.6763842765625 0.19642203937007874 0.8407174 0.2259951469816273 0.8532939203125001 0 0.6763842765625 0.007718230971128609
2 0.8541324953125 0 0.8566477984375 0.003493750656167979 0.8423943390625 0.223178593175853 0.9997903562499999 0.24148583989501313 0.9997903562499999 0.003493750656167979 0.8541324953125 0
2 0.282319496875 0.5752379317585302 0.2873501046875 0.5780544855643044 0.2689046125 0.9244807165354331 0.45252201249999996 0.9709527952755905 0.4642599578125 0.6287510419947506 0.282319496875 0.5752379317585302
2 0.01150503125 0.3020399816272966 0.010666456250000001 0.30908101312335956 0.0031205453125 0.5020096509186353 0.456714046875 0.6188934566929134 0.45755262031250005 0.3414706745406824 0.01150503125 0.3020399816272966
2 0.0098280921875 0.13868445144356956 0.008151153125000001 0.306264811023622 0.45503710625 0.33020481364829396 0.4449761 0.0006771994750656168 0.0098280921875 0.13868445144356956
2 0.453360378125 0.002085475065616798 0.4516834375 0.004902028871391076 0.453360378125 0.17811514435695536 0.667161425 0.19923859317585302 0.6730303984375 0 0.453360378125 0.002085475065616798
2 0.001443815625 0.8385782965879265 0.0022821796875 0.834353467191601 0.2613587 0.9132148556430446 0.2781274640625 0.5865037926509187 0 0.5104589606299212 0.001443815625 0.8385782965879265
2 0.46090628906250003 0.18797272965879264 0.45755262031250005 0.18797272965879264 0.469290565625 0.34287895275590546 0.6344624734375001 0.3893506771653544 0.63027023125 0.20487169816272965 0.46090628906250003 0.18797272965879264
2 0.25984291875 1 0.268066246875 0.9216645144356955 0.007312787499999999 0.8470276062992126 0.001443815625 0.8456196824146982 0.000613496875 1 0.25984291875 1
1 0.465936896875 0.3555530892388451 0.462583228125 0.3555530892388451 0.46090628906250003 0.8244958818897637 0.6135014671875 0.8329455433070867 0.639492871875 0.41469895538057744 0.465936896875 0.3555530892388451
2 0.65320270625 1 0.767773584375 0.9977093490813648 0.7602276734375 0.8695596824146982 0.6111501265625 0.856970188976378 0.62685863125 1 0.65320270625 1
2 0.9991817609375 1 0.9991817609375 0.8934996824146982 0.7619046125 0.8653348530183728 0.764419915625 0.8751924383202101 0.7776717984375 1 0.9991817609375 1