2 0.46473611562499995 1 0.41880614375 0.36362251172707893 0.26216654687499996 0.40087776332622604 0.2564184328125 0.41068178891257995 0.2937820703125 0.9989216588486141 0.3932223265625 1 0.46473611562499995 1
1 0 0.4655842388059701 0.003496046875 0.4714665565031983 0.0020589296874999998 0.8597049253731344 0.1486390578125 0.9126462750533049 0.1184606546875 0.43813301492537315 0 0.4655842388059701
2 0.147201940625 0.8969599317697229 0.289470715625 0.9930390959488273 0.2348625578125 0.4185249616204691 0.240610671875 0.4165641066098081 0.12277200937499999 0.43813301492537315 0.147201940625 0.8969599317697229
2 0.4202430828125 0.35774019402985074 0.4159320875 0.3557793390191898 0.45329554375000003 0.7126450191897655 0.6271796625 0.7165664818763327 0.6013127921875 0.33421067803837956 0.4202430828125 0.35774019402985074
2 0.6400820078125 1 0.6286914078125 0.7164632686567164 0.44898436875 0.7146056289978678 0.46479213125 0.9989216588486141 0.5667391796875 1 0.6400820078125 1
1 0.7808767421875 1 0.755078153125 0.7067624562899787 0.6401131875 0.7185273368869937 0.6401131875 1 0.7808767421875 1
2 0.198936040625 0 0.250670140625 0.39891690831556503 0.4116207328125 0.33617128571428573 0.3512642828125 0 0.198936040625 0
2 0.0006218109375 0.4655842388059701 0.004933165625 0.4577410682302772 0.138579590625 0.42244666950959486 0.089719546875 0.0008747590618336887 0.0020589296874999998 0 0.0006218109375 0.4655842388059701
2 0.43173966874999997 0.3459753134328358 0.8082491921875 0.3126417697228145 0.7938787281249999 0.14401295735607678 0.7881302546875 0.1420523475479744 0.3900648578125 0.17538589125799572 0.43173966874999997 0.3459753134328358
2 0.6099349625 0.34401470362473346 0.6128091984374999 0.34401470362473346 0.6372391296875 0.7204881918976546 0.755078153125 0.6930369658848614 0.7234626296875 0.3263675053304904 0.6099349625 0.34401470362473346
2 0.8243240671875001 1 0.9998203374999999 0.996960803837953 0.9663257281250001 0.30479859914712154 0.7220256921875 0.3263675053304904 0.7493296796875 0.6283304904051173 0.7522037375 0.6263696353944563 0.779451484375 1 0.8243240671875001 1
2 0.7996268421875 0.1400914946695096 0.7953156671875 0.14597381236673776 0.8125605468750001 0.3106809168443497 0.9998203374999999 0.26754334754797443 0.9998203374999999 0.11460112366737739 0.7996268421875 0.1400914946695096
2 0.693284584375 0.0008747590618336887 0.6889732296875 0.008717931769722815 0.7076550484374999 0.14989552025586356 0.9998203374999999 0.10675795095948827 0.9998203374999999 0 0.693284584375 0.0008747590618336887
2 0.362760690625 0 0.3598866328125 0.0008747590618336887 0.39581315156249997 0.17146418123667378 0.697595759375 0.15773869296375265 0.6860991734375 0.0008747590618336887 0.362760690625 0
2 0.091156665625 0 0.137142471875 0.41068178891257995 0.1414538265625 0.4204858166311301 0.2477960828125 0.38715227292110876 0.190313690625 0 0.091156665625 0