2 0.3411030586011342 0.368686809375 0.5406991304347826 0.3707487109375 0.5494315406427221 0.3659420296875 0.5693912079395085 0.000245640625 0.3984869130434783 0.000245640625 0.3411030586011342 0.368686809375
2 0.3697951342155009 0.153207565625 0.014264442344045369 0.1408356671875 0.006779604914933838 0.3191987234375 0.040461376181474475 0.32641586875 0.040461376181474475 0.3418808640625 0.15647665973534972 0.3655937109375 0.33736063894139884 0.3676558578125 0.36729999054820417 0.153207565625 0.3697951342155009 0.153207565625
2 0.3697951342155009 0.1511537703125 0.39599176937618147 0.000627609375 0.0704010245746692 0.000627609375 0.06541073724007561 0.1346578234375 0.06042104347826087 0.138781871875 0.3697951342155009 0.1511537703125
2 0.5743811984877126 0.1738359125 0.780214538752363 0.1738359125 0.7914417939508507 0.14909186875 0.8051641947069943 0.0274338 0.5881033024574669 0.0305266515625 0.5743811984877126 0.1738359125
2 0.560658797731569 0.3429201671875 0.7627497183364839 0.3439511171875 0.7639972892249527 0.335703021875 0.7889469470699433 0.182084009375 0.5718860548204159 0.1758978140625 0.560658797731569 0.3429201671875
2 0.9985227051039698 0.35219896875 0.997275134215501 0.0511468921875 0.9947802873345937 0.0511468921875 0.8176387277882798 0.043929746874999995 0.7752245463137997 0.3418889703125 0.9985227051039698 0.35219896875
2 0.7490276143667297 0.5553063125000001 0.7477800415879017 0.5522132156249999 0.7752245463137997 0.3470439703125 0.5581639508506616 0.3429201671875 0.5581639508506616 0.38312920625 0.2924516105860114 0.3862220578125 0.2787292098298677 0.615104396875 0.5394518563327032 0.6171662984374999 0.5357091398865784 0.5573682140625 0.7490276143667297 0.5553063125000001
2 0.7615024423440454 0.5563372640625001 0.9910378676748584 0.5470582171875 0.9935327145557655 0.5439653640625 0.9985227051039698 0.35941611406249996 0.778966965973535 0.34807516562499996 0.7615024423440454 0.5563372640625001
2 0.9960278582230624 0.5499096046874999 0.5419467032136105 0.57156055 0.545689122873346 0.7406448046875 0.9910378676748584 0.7251795624999999 0.9897902967863894 0.7241486125 0.9960278582230624 0.5499096046874999
2 0.3386082117202268 0.6963117171875 0.5382042835538752 0.69940456875 0.5319670189035917 0.6973426671875 0.5319670189035917 0.6220795875 0.3473403232514178 0.6210486359375 0.3386082117202268 0.6963117171875
2 0.2637595349716446 0.7911638421875 0.544441550094518 0.7901326453124999 0.533214293005671 0.7829157453125 0.5307194461247637 0.701466715625 0.26625438185255196 0.69940456875 0.2637595349716446 0.7911638421875
2 0.24255740642722118 0.999910578125 0.25876954442344047 0.698663228125 0.050441060491493384 0.705880128125 0.003037187145557656 0.88115033125 0.0017896143667296787 0.9955915015624999 0.24255740642722118 0.999910578125
2 0.24878985822306238 0.998684353125 0.5157497712665406 0.9935293546875 0.5145021984877127 0.9873434046874999 0.5269770264650283 0.8564062890624999 0.2650071077504726 0.8502203390625 0.24878985822306238 0.998684353125
2 0.25752226843100184 0.846096290625 0.5319670189035917 0.8543443875 0.5294718733459357 0.852282240625 0.5419467032136105 0.79351510625 0.25752226843100184 0.79867010625 0.25752226843100184 0.846096290625
2 0.545689122873346 0.7471201171875 0.524482179584121 0.9976534015625 0.7328103667296786 0.9966224515625 0.917436763705104 0.97497150625 0.9224267542533081 0.9698162609375001 0.9748206200378072 0.7337170234375 0.545689122873346 0.7471201171875
2 0 0.6953504625 0.32862822873345937 0.6984433796875 0.33736063894139884 0.6283352984375 0.3411030586011342 0.6252422015625 0.26625438185255196 0.6221493484375 0.28496677315689983 0.3953291578125 0 0.37161765 0 0.6953504625