2 0.49704264218749994 0.48479886462882094 0.4605684 0.2726850676855895 0.0002060640625 0.46413851528384276 0.0021777171875 0.4668933209606987 0 0.681761923580786 0.49704264218749994 0.48479886462882094
2 0.4516963265625 0.26993026200873366 0.413250678125 0.0013443362445414847 0.30087108749999997 0 0.038651712500000004 0.20381666157205242 0.038651712500000004 0.28370394323144105 0.006120778125 0.3732327008733624 0.003163421875 0.36910049344978163 0.0002060640625 0.4531196397379913 0.4516963265625 0.26993026200873366
2 0.005135075 0.6914037401746725 0.003163421875 0.6927811441048035 0.0021777171875 0.8883664541484716 0.527601921875 0.6927811441048035 0.4911279265625 0.4985725458515284 0.005135075 0.6914037401746725
2 0.7641907812500001 0.7699132772925764 0.7533470546875 0.2217225502183406 0.4908060109375 0.2986604323144105 0.5640761640624999 0.8608194366812226 0.7641907812500001 0.7699132772925764
2 0.620276109375 1 0.8134799109375 0.9930462947598253 0.8213662812500001 0.7409888558951966 0.7474323390625 0.7878191659388646 0.5670332765625 0.8608194366812226 0.5670332765625 0.8621968384279476 0.5846146625 1 0.620276109375 1
2 0.17393361875 1 0.5532324375 0.9971785021834062 0.524644565625 0.7134414934497817 0.524644565625 0.706554480349345 0.0021777171875 0.8938760655021835 0.0021777171875 1 0.17393361875 1
2 0.7815041265625 0.0002937336244541485 0.7799632734374999 0.0013443362445414847 0.5272738343750001 0.05301228820960698 0.4576110421875 0.06745793886462882 0.49467743124999997 0.05967734497816594 0.45662533906249997 0.06745793886462882 0.4891562734375 0.2919680152838428 0.7602474734375 0.2189677445414847 0.78292063125 0 0.7815041265625 0.0002937336244541485
2 0.823337934375 0.7437433165938865 0.8302383531249999 0.7409888558951966 0.8164375156249999 0.9916688930131005 0.98204954375 0.9930462947598253 0.9988079859375001 0.656969364628821 0.823337934375 0.7437433165938865
2 0.765176484375 0.25202471834061135 0.7592617703125 0.25202471834061135 0.7671481390625 0.7423659148471615 0.8667125953125 0.6886489366812226 0.8617835843749999 0.2878361506550218 0.765176484375 0.25202471834061135
2 0.8647409421875001 0.2850813471615721 0.8667125953125 0.28921355458515285 0.8736130140625 0.6858941310043669 0.9978220359375 0.6418186266375545 0.9978220359375 0.35670421397379914 0.8647409421875001 0.2850813471615721
2 0.790807 0.0054765436681222706 0.789821296875 0.006853947598253275 0.7612331765625 0.23825103711790394 0.8805134328124999 0.30436429257641917 0.8992435296875 0 0.790807 0.0054765436681222706
2 0.908115603125 0.006853947598253275 0.9022008874999999 0.009608408296943231 0.888399803125 0.20243960262008734 0.9978220359375 0.22447735589519652 0.9968363328125 0.0013443362445414847 0.908115603125 0.006853947598253275
2 0.9997535125000001 0.3484401419213974 0.9997535125000001 0.2258547576419214 0.891825771875 0.2093977248908297 0.8814993843750001 0.2933454170305677 0.9997535125000001 0.3484401419213974
2 0.0021777171875 0.006853947598253275 0.0021777171875 0.20106220087336246 0.268340153125 0 0 0.0054765436681222706 0.0021777171875 0.006853947598253275