0 0.38458943749999996 0.27432385539215687 0.38168427031249996 0.6104194730392156 0.3831368546875 0.6092796789215686 0.439056409375 0.6092796789215686 0.44559205312500005 0.28001975 0.38458943749999996 0.27432385539215687
0 0.37805313906250004 0.6172551593137254 0.3787791046875 0.7676433406862745 0.38023168749999997 0.7733402573529412 0.435425278125 0.7870116323529412 0.439056409375 0.6047225539215686 0.37805313906250004 0.6172551593137254
0 0.3476154125 1 0.341741825 0.9533507745098039 0.232172825 0.9556293357843137 0.18125 0.9567691299019608 0.18125 1 0.3476154125 1
0 0.3396541859375 0.8656235661764706 0.2808301171875 0.8701817156862744 0.2808301171875 0.8815745269607843 0.18278956875000002 0.8884102132352941 0.1835155328125 0.9567691299019608 0.3432853171875 0.9522109803921568 0.3396541859375 0.8656235661764706
0 0.6967195875 0.07722361029411764 0.6836469921874999 0.2709055 0.6880047421875 0.2686269387254902 0.7221375078125 0.2686269387254902 0.73448283125 0.0157014068627451 0.6967195875 0.07722361029411764
0 0.5928687046875 0.3016666029411765 0.588511609375 0.5147178088235294 0.595773871875 0.5101596593137255 0.6640394046875 0.49876684803921567 0.6705750484374999 0.3016666029411765 0.5928687046875 0.3016666029411765
0 0.5347706015625 0.28343810539215686 0.5311394703125 0.5044637647058824 0.528960921875 0.5090208897058823 0.5863330609374999 0.5078810955882352 0.595773871875 0.2925523529411765 0.5347706015625 0.28343810539215686
0 0.5209726953125 0.5158565759803921 0.5209726953125 0.6753600318627452 0.518067528125 0.6821957181372549 0.5812493453124999 0.6662457843137255 0.5892375734375 0.5021852034313725 0.5209726953125 0.5158565759803921
0 0.65750310625 0.7106782598039215 0.6633127859375 0.49876684803921567 0.5863330609374999 0.5067423284313726 0.5790707984375 0.7163751789215687 0.5797967625 0.7152353848039216 0.5819753109375 0.7095384656862745 0.65750310625 0.7106782598039215
0 0.404775834375 0.9727190661764705 0.3677385546875 0.7722004632352941 0.3241649765625 0.7699219019607842 0.35176144531250003 0.99778325 0.3553925765625 0.99778325 0.393156475 0.9920873578431372 0.404775834375 0.9727190661764705
1 0.444718934375 0.793847318627451 0.45633829375 0.8599276740196078 0.45561232812499997 0.8542307549019608 0.5246038265624999 0.8701817156862744 0.510805265625 0.8006830049019609 0.444718934375 0.793847318627451
1 0.4810302484375 0.05899408823529412 0.4773991171875 0.125074443627451 0.47957766562500004 0.125074443627451 0.5347706015625 0.1387458161764706 0.5318660890625 0.06696956862745099 0.4810302484375 0.05899408823529412
1 0.4723154015625 0.12849177450980392 0.47376798593749997 0.2014078137254902 0.475219915625 0.2014078137254902 0.5238772078125 0.212800625 0.532592053125 0.13532848529411765 0.4723154015625 0.12849177450980392
1 0.47594653437499995 0.2082435024509804 0.4701368546875 0.24925864705882353 0.4723154015625 0.2549555661764706 0.5209726953125 0.2617912524509804 0.5260557546875 0.21394041911764705 0.47594653437499995 0.2082435024509804
1 0.5282349578125001 0.21735775 0.5267823734375 0.25951268872549016 0.53041350625 0.2572341274509804 0.5776182140625 0.2629300196078431 0.5776182140625 0.2310301495098039 0.5282349578125001 0.21735775
1 0.5151623609375 0.6867528431372548 0.5158889796875 0.8018227990196078 0.5209726953125 0.7995442352941177 0.5783441796875 0.8006830049019609 0.5805227265624999 0.6628274289215685 0.5151623609375 0.6867528431372548
0 0.704707815625 0.6673845514705882 0.7126960437500001 0.4964882843137255 0.680742478125 0.4942097230392157 0.6763114781249999 0.6672768308823529 0.6756587640625 0.6685243455882353 0.704707815625 0.6673845514705882
0 0.6916358734375 0.319896125 0.6843736109375 0.49193116176470586 0.68146844375 0.49193116176470586 0.7126960437500001 0.4942097230392157 0.7177797578125 0.31875633088235295 0.6916358734375 0.319896125
1 0.7453768796875 0.13304889705882353 0.7424717140625 0.2686269387254902 0.7424717140625 0.26976673284313724 0.7635325374999999 0.2731840612745098 0.7686155984374999 0.12735300490196078 0.7453768796875 0.13304889705882353
1 0.7496759 0 0.746828809375 0.12393464950980392 0.746828809375 0.12963156862745098 0.7736993125 0.12963156862745098 0.770284828125 0 0.7496759 0
1 0.73448283125 0.47825978676470593 0.7671636687500001 0.47939855637254897 0.767889634375 0.3381246225490196 0.7381139640625001 0.3449603088235294 0.73448283125 0.47825978676470593
1 0.8182676593749999 0.6913099681372549 0.7853193265625 0.6913099681372549 0.7904023875 0.6070011151960785 0.7490080125 0.6115582401960784 0.747555428125 0.8154941715686275 0.8182676593749999 0.8291665710784314 0.8182676593749999 0.6913099681372549
2 0.5514547999999999 1 0.5267823734375 0.8622062352941177 0.45561232812499997 0.8644847965686274 0.47837113125 1 0.5514547999999999 1
2 0.4777898890625 1 0.44036118437500005 0.7927085490196079 0.36846451875 0.7790361519607842 0.4101974765625 1 0.4777898890625 1
2 0.4701368546875 0.28001975 0.462147971875 0.523832056372549 0.46360055625 0.5147178088235294 0.5296868875 0.5090208897058823 0.53331801875 0.2857166666666667 0.4701368546875 0.28001975
2 0.4643265203125 0.5147178088235294 0.46287459062499997 0.692449762254902 0.4650531390625 0.692449762254902 0.5209726953125 0.6810559264705882 0.5209726953125 0.5158565759803921 0.4643265203125 0.5147178088235294
2 0.462147971875 0.742579156862745 0.459969425 0.7915687549019609 0.4643265203125 0.7927085490196079 0.5195201109375 0.8052411544117647 0.5158889796875 0.7357434705882353 0.462147971875 0.742579156862745
0 0.462147971875 0.6947283235294118 0.46142200781250003 0.7334638823529411 0.46287459062499997 0.7403005931372549 0.5187934921874999 0.7323251127450982 0.514436396875 0.6878916127450981 0.462147971875 0.6947283235294118
2 0.4454448984375 0.28913502450980394 0.4367300515625 0.7870116323529412 0.4389086 0.7870116323529412 0.462147971875 0.7870116323529412 0.4672316875 0.2857166666666667 0.4454448984375 0.28913502450980394
2 0.18125 0.6218122818627451 0.18323561093750002 0.7608076544117647 0.1846881953125 0.7562505294117646 0.30306295 0.7619474485294117 0.302336984375 0.6195337205882353 0.18125 0.6218122818627451
2 0.181783028125 0.34723887254901964 0.18323561093750002 0.42585183088235296 0.18125 0.42699060049019605 0.3001577828125 0.4429405343137255 0.30306295 0.3586327083333333 0.181783028125 0.34723887254901964
2 0.181783028125 0.34723887254901964 0.30378891406249997 0.3597714779411765 0.301610365625 0.26976673284313724 0.181783028125 0.2560943333333333 0.181783028125 0.34723887254901964
0 0.18125 0.5466176789215687 0.1846881953125 0.6138368014705883 0.18686674375 0.6161153651960785 0.30378891406249997 0.6126980343137255 0.3045155328125 0.5511748039215686 0.18125 0.5466176789215687
0 0.3045155328125 0.5488962401960784 0.302336984375 0.44635889215686275 0.18125 0.4429405343137255 0.18125 0.5443391176470588 0.181783028125 0.5454789117647059 0.3045155328125 0.5488962401960784
2 0.36176929062499996 0 0.36758501250000003 0.11024332843137255 0.43705837187499996 0.10456635784313725 0.435520303125 0 0.36176929062499996 0
2 0.32957701093749997 0.27888098039215686 0.331755559375 0.3814183308823529 0.331755559375 0.38483668627450984 0.3847699484375 0.3916723725490196 0.381865434375 0.28343810539215686 0.32957701093749997 0.27888098039215686
2 0.33030297656249996 0.2709055 0.3012539234375 0.2731840612745098 0.3052519609375 0.38608957352941176 0.3346607265625 0.38711525 0.33030297656249996 0.2709055
2 0.3324815234375 0.6104194730392156 0.3753291359375 0.6104194730392156 0.3840439828125 0.39281114215686275 0.33102959374999996 0.38483668627450984 0.3324815234375 0.6104194730392156
2 0.307790221875 0.3893938112745098 0.307063603125 0.6104194730392156 0.307063603125 0.6161153651960785 0.331755559375 0.6161153651960785 0.33102959374999996 0.3905325784313725 0.307790221875 0.3893938112745098
2 0.3063376390625 0.6195337205882353 0.3019798890625 0.7665045710784313 0.304159090625 0.7630862156862745 0.3796862328125 0.7767575882352942 0.377507684375 0.6138368014705883 0.3063376390625 0.6195337205882353
2 0.332927496875 0 0.33102959374999996 0.18659664705882353 0.3346607265625 0.18545787990196078 0.359352028125 0.18203952450980393 0.35871468906250004 0 0.332927496875 0
2 0.43633240625 0.11140307107843136 0.3586260625 0.11368163235294118 0.3649410453125 0.18203952450980393 0.432701275 0.18203952450980393 0.43633240625 0.11140307107843136
2 0.360078646875 0.18090075490196078 0.36225719375 0.24698008333333335 0.36298315937500003 0.25381577205882355 0.4312486921875 0.2549555661764706 0.43415320468749996 0.1877364411764706 0.360078646875 0.18090075490196078
2 0.4353897703125 0 0.43415320468749996 0.24925864705882353 0.43197465625 0.2503984411764706 0.46320225625000006 0.2572341274509804 0.474870640625 0 0.4353897703125 0
2 0.21721402812499999 0.7687831348039216 0.22665549375 0.8530919852941177 0.2281074234375 0.8519521911764706 0.26078760624999997 0.8519521911764706 0.2484422828125 0.7653647769607843 0.21721402812499999 0.7687831348039216
2 0.18125 0.7699219019607842 0.18961756093749998 0.8519521911764706 0.1925227265625 0.8553705490196077 0.22665549375 0.8530919852941177 0.21794064687499998 0.7642260098039216 0.18125 0.7699219019607842
2 0.5356574562499999 0.13532130392156863 0.527669228125 0.20937611519607843 0.5291218109375 0.20937611519607843 0.573421353125 0.21849036274509806 0.57850506875 0.15013247058823528 0.5356574562499999 0.13532130392156863
2 0.536384075 0.07265930637254903 0.536384075 0.13304274264705881 0.5355658921875001 0.13313712745098039 0.5792310328125 0.14101822303921568 0.58576733125 0.0897490343137255 0.536384075 0.07265930637254903
2 0.6671420421875001 0 0.6711283515625001 0.05784813970588235 0.7001780578125001 0.035062517156862746 0.698356871875 0 0.6671420421875001 0
2 0.7174200453124999 0.8120696593137254 0.743564584375 0.8200451397058823 0.7544579796875001 0.49989946078431374 0.7304926421875 0.4987606911764706 0.7304926421875 0.49306377450980393 0.7174200453124999 0.8120696593137254
0 0.521338946875 0.5169891887254902 0.5206129828125 0.6753528504901961 0.521338946875 0.6821885367647059 0.58016366875 0.6707957279411765 0.588878515625 0.5112932965686274 0.521338946875 0.5169891887254902
2 0.6104681328125 1 0.6084861015625 0.9403585588235294 0.5511146171875 0.9574482867647058 0.5574654890625 1 0.6104681328125 1
1 0.616474984375 0.9847920588235294 0.641166284375 0.9790951421568628 0.63535660625 0.9187117034313727 0.6070341734375 0.9266871838235294 0.616474984375 0.9847920588235294
1 0.5859733484375 0.8059203112745098 0.602676421875 0.9198514975490196 0.6070341734375 0.9221300612745098 0.6585959781249999 0.9198514975490196 0.6455240359375 0.808198875 0.5859733484375 0.8059203112745098
0 0.5765325375 0.8549109387254902 0.5699962390625 0.8093386691176471 0.5460309031249999 0.8150355857843137 0.5583768796874999 0.8982046446078431 0.5627339765625 0.897064850490196 0.57290140625 0.893647519607843 0.5765325375 0.8549109387254902
2 0.792758175 0.497321330882353 0.78912704375 0.6944215759803921 0.79203155625 0.6910032181372548 0.8182676593749999 0.6910032181372548 0.8181760953125 0.497321330882353 0.792758175 0.497321330882353
2 0.7738759 0.28540991911764707 0.8036515703125 0.28427012500000004 0.81309238125 0.12818502450980393 0.7862218765625 0.12932481862745096 0.7738759 0.28540991911764707
2 0.7702447671875 0.3275638308823529 0.7658876718750001 0.5747934705882353 0.7680662203125 0.580490387254902 0.7898530078125 0.586187306372549 0.8036515703125 0.3264250637254902 0.7702447671875 0.3275638308823529
2 0.6504174296875 0.26945998284313727 0.6511440484375 0.09286679656862745 0.5857836828125 0.09286679656862745 0.5785214187500001 0.2637630637254902 0.5785214187500001 0.26490183333333334 0.579247384375 0.26490183333333334 0.6504174296875 0.26945998284313727
2 0.487862796875 0 0.48810776406249995 0.0029976102941176473 0.555282046875 0.02792623774509804 0.5586499203125 0 0.487862796875 0
2 0.2777839703125 0 0.275156475 0.09742392156862745 0.2771368546875 0.09742392156862745 0.304733321875 0.09400659068627451 0.303216503125 0 0.2777839703125 0
2 0.22474581875 0 0.2156057875 0.23869785539215685 0.21633240625 0.23869785539215685 0.2766090578125 0.2432560049019608 0.2787406328125 0 0.22474581875 0
2 0.1814979203125 0 0.182199640625 0.22730504411764707 0.1851048078125 0.23186216911764707 0.21633240625 0.23755908578431373 0.22396232187499998 0 0.1814979203125 0
2 0.27576733125 0.09856371568627452 0.2728621640625 0.23414073039215688 0.2728621640625 0.23528052450980394 0.30336379999999996 0.23300196323529412 0.30626896718749996 0.09286679656862745 0.27576733125 0.09856371568627452