1 0.6388088625 0.6789435612745098 0.585903040625 0.6676256421568627 0.6003320796875 0.8260775343137254 0.6957218765625 0.7996683725490197 0.7013333875 0.9229087328431372 0.7758821124999999 0.9090752647058824 0.702936396875 0.712897318627451 0.6436178875 0.6475043284313725 0.6388088625 0.6789435612745098
1 0.6957218765625 0.931711100490196 0.6941188687500001 0.8059562181372548 0.6901110203124999 0.8072139926470587 0.5939193921875 0.8273342818627452 0.6075459453125001 0.9392567230392157 0.6957218765625 0.931711100490196
2 0.6067447671874999 0.944286794117647 0.586704871875 0.6625955710784314 0.5843000328125 0.6688834166666666 0.5241796921875 0.6449898039215687 0.5578474499999999 0.9568624877450981 0.6067447671874999 0.944286794117647
2 0.64522155 0.47773554411764707 0.66926929375 0.26772412990196076 0.6684674625 0.2626940588235294 0.573077665625 0.2916177426470588 0.5843000328125 0.4852811666666667 0.64522155 0.47773554411764707
2 0.634800359375 0.6688834166666666 0.6428167109375 0.4852811666666667 0.6436178875 0.4802510931372549 0.5810933609375 0.48779568872549023 0.58830788125 0.6625955710784314 0.634800359375 0.6688834166666666
2 0.580292184375 0.5116893014705882 0.5746806734375001 0.30167891421568627 0.5738788421875001 0.2979055906862745 0.5177670046875 0.31551135539215686 0.5145609875 0.5116893014705882 0.580292184375 0.5116893014705882
2 0.586704871875 0.6575654975490196 0.580292184375 0.5204926960784314 0.580292184375 0.5167193725490197 0.5113543171875 0.5116893014705882 0.5233785156249999 0.6424742549019609 0.586704871875 0.6575654975490196
1 0.456044309375 0.10927326470588235 0.42878989531249995 0.10172764460784314 0.4119560171875 0.5443852843137255 0.45844915 0.584626887254902 0.456044309375 0.10927326470588235
1 0.429591071875 0.944286794117647 0.4768853828125 0.9342266519607842 0.455242478125 0.6852314093137255 0.4352025828125 0.6776857867647058 0.433599575 0.6789435612745098 0.40313848906249994 0.6852314093137255 0.429591071875 0.944286794117647
2 0.5031819453125 0 0.5097513078125 0.1558027156862745 0.5778873453125 0.15957501470588234 0.576889821875 0 0.5031819453125 0
2 0.5915145515625 0.2878454460784314 0.5826970234375 0.1558027156862745 0.581009646875 0.1593605980392157 0.50734646875 0.15831724019607843 0.5177670046875 0.3117390588235294 0.5915145515625 0.2878454460784314
2 0.596323578125 0.2853298970588235 0.6716741328125 0.25892175980392157 0.6580469265625 0.19981661764705883 0.6548409093750001 0.1482570955882353 0.6564439171875 0.1457425710784314 0.5770855140625 0.15202939215686273 0.596323578125 0.2853298970588235
2 0.5818951921875 0.14448479656862745 0.661253596875 0.1457425710784314 0.6652614453125001 0.07280396078431373 0.6500312296875 0.009926519607843137 0.64522155 0.006154220588235294 0.5762836828125 0.01244206862745098 0.5818951921875 0.14448479656862745
1 0.2420174953125 0.4224037230392157 0.262057390625 0.19730209313725489 0.260453728125 0.1985588431372549 0.18173234062500002 0.17340848284313723 0.1835001640625 0.4022824093137255 0.2420174953125 0.4224037230392157
2 0.315068196875 0 0.284502125 0.4475540857843137 0.33420127499999996 0.4852811666666667 0.359071759375 0 0.315068196875 0
2 0.6836983328125 0.3670708774509804 0.67728564375 0.4312060931372549 0.81875 0.47773554411764707 0.81875 0.4085702549019608 0.8175649109375 0.411085806372549 0.6836983328125 0.3670708774509804
1 0.783897809375 0.39725233823529416 0.784699640625 0.30042113970588236 0.7822948000000001 0.3041934362745098 0.6909128515625 0.2828153725490196 0.692515859375 0.3670708774509804 0.783897809375 0.39725233823529416
1 0.81875 0.4085702549019608 0.816763734375 0.3054512107843137 0.81875 0.3029356617647059 0.7782869515625 0.30670898529411766 0.783897809375 0.4085702549019608 0.81875 0.4085702549019608
2 0.5586486265625 0.9530901911764705 0.5113543171875 0.5054014534313725 0.5113543171875 0.5079170024509804 0.4760842046875 0.5041436789215686 0.5065446375 0.958120262254902 0.5586486265625 0.9530901911764705
2 0.2628585671875 0.24634606862745098 0.2388108234375 0.42869054411764707 0.27903004062500003 0.44106247549019606 0.2965256703125 0.25766398529411766 0.2628585671875 0.24634606862745098
2 0.28835910781249996 0 0.262057390625 0.24257376960784313 0.293319653125 0.2564062107843137 0.31440879375 0 0.28835910781249996 0
2 0.18173234062500002 0 0.18173234062500002 0.1683784093137255 0.266866415625 0.1897564730392157 0.2835117484375 0 0.18173234062500002 0
2 0.75183436875 0.22371023039215687 0.75183436875 0.13316687745098038 0.7510325375 0.12939355392156862 0.6949207000000001 0.12939355392156862 0.7045394046875 0.2262257794117647 0.75183436875 0.22371023039215687
2 0.7188295828125 0 0.719770275 0.1268790318627451 0.752635546875 0.12436348284313727 0.7560401015625 0 0.7188295828125 0
2 0.7558211078125 0 0.7486276984375 0.221194681372549 0.8151600718750001 0.19981661764705883 0.8175649109375 0.20233216666666667 0.8182548015625001 0 0.7558211078125 0
2 0.667666284375 0.5179771470588236 0.66285660625 0.5783400661764706 0.81875 0.619838419117647 0.81875 0.5645065980392157 0.816763734375 0.5607343014705882 0.667666284375 0.5179771470588236
1 0.8183667437500001 0.5594765245098039 0.8183667437500001 0.5091747769607844 0.816763734375 0.5129470759803921 0.678888653125 0.4752199950980392 0.6660632765625001 0.5104315269607843 0.8183667437500001 0.5594765245098039