2 0.16463626458333333 0.8653158218750001 0.18492375625 0.8573655125 0.17134284166666666 0.1259536421875 0.02996860416666667 0.125 0.01109128125 0.125 0.027385293749999998 0.8634775859375001 0.16463626458333333 0.8653158218750001
2 0.16591034166666668 0.8716271015625001 0.3071513 0.869589659375 0.3207322125 0.8655147734374999 0.31801596249999997 0.3785860921875 0.16862659166666666 0.37654865000000004 0.16591034166666668 0.8716271015625001
2 0.3071513 0.875 0.47555442291666666 0.8675524703124999 0.46740567083333334 0.8655147734374999 0.4782703354166667 0.37247401875 0.31529971041666666 0.38469816562500003 0.3071513 0.875
2 0.48098658541666667 0.8675524703124999 0.6113628791666667 0.8614401421875 0.61407913125 0.8675524703124999 0.62222754375 0.3683993890625 0.48098658541666667 0.358212684375 0.48098658541666667 0.8675524703124999
2 0.61679538125 0.8634775859375001 0.7308745125 0.8655147734374999 0.7363070125 0.8594029546874999 0.7498879270833334 0.3826607234375 0.63309220625 0.37247401875 0.61679538125 0.8634775859375001
2 1 0.261713278125 0.8748317208333333 0.22985863437499998 0.80149533125 0.38469816562500003 0.7580363395833333 0.3928476828125 0.7553200875 0.6047330609375 1 0.6084035906249999 1 0.261713278125
2 1 0.61460666875 0.8395214812499999 0.6108448796875 0.8911288833333334 0.869589659375 1 0.8278509406250001 1 0.61460666875
2 0.83680556875 0.6088076921875001 0.744455425 0.60269561875 0.7498879270833334 0.8553280687499999 0.8771990291666667 0.8612964453125 0.83680556875 0.6088076921875001
2 0.26912480833333335 0.37247401875 0.27184106041666667 0.362287315625 0.28541468750000004 0.125 0.1713442395833333 0.125 0.17405875416666666 0.37247401875 0.26912480833333335 0.37247401875
2 0.4728381729166667 0.3663619453125 0.48913499791666665 0.3663619453125 0.5461448208333334 0.125 0.2854151 0.125 0.27184106041666667 0.37654865000000004 0.4728381729166667 0.3663619453125
2 0.7797656645833333 0.3806235359375 0.7933465791666666 0.37247401875 0.9128582104166667 0.1850369328125 0.5605029270833334 0.125 0.5597140020833333 0.125 0.48641874583333333 0.35006316875 0.7797656645833333 0.3806235359375