2 0.41478692887029284 0.4329117359375 0.4024842175732217 0.434443040625 0.45169507112970714 0.6595383874999999 0.9027948953974895 0.6381007078125001 0.7715661255230125 0.44056806406250004 0.41478692887029284 0.4329117359375
2 0.033402820083682006 0.44669308750000003 0.021100108786610876 0.44669308750000003 0.029301744769874474 0.67331993125 0.46809885774058574 0.658007275 0.3819798661087866 0.44056806406250004 0.033402820083682006 0.44669308750000003
2 0.17283374058577408 0 0.18513594142259412 0.0010963046875 0.1277234518828452 0.266004403125 0.45169507112970714 0.2629417953125 0.4721994184100418 0.0010963046875 0.17283374058577408 0
2 0.15232887866108785 0.2690668203125 0.1445809790794979 0.270342715625 0.12362237656903766 0.43750564843750006 0.43119071966527195 0.4329117359375 0.45169507112970714 0.266004403125 0.15232887866108785 0.2690668203125
2 1 0.1467491828125 0.9971160376569037 0.007221328125 0.47630049372384936 0.0041587203125 0.4721994184100418 0.002627609375 0.4804015690376569 0.18178518125 0.7715661255230125 0.1863789015625 1 0.1848528578125 1 0.1467491828125
2 1 0.3995224765625 0.9930149623430963 0.18484759687500002 0.4804015690376569 0.190972621875 0.46809885774058574 0.19403522812500001 0.44349343096234306 0.4252556 1 0.4237264609375 1 0.3995224765625
2 0.025200669456066947 0.677913459375 0.0457050209205021 0.6809762593750001 0.07031095815899581 0.7973519046875001 0.4968048451882845 0.775914225 0.47630049372384936 0.667194715625 0.025200669456066947 0.677913459375
2 0.8617856820083682 0.7514141296875 0.7223547615062761 0.7253825390624999 0.6690433430962344 0.6993511390625 0.6321352050209205 0.6626009953125 0.4886032092050209 0.665663603125 0.4804015690376569 0.6717886265625 0.5706216401673639 0.8861650390625 0.9807122510460251 0.86319605625 0.9274003221757322 0.7529454343750001 0.8617856820083682 0.7514141296875
2 0.06620988284518828 0.809601953125 0.08671423430962344 0.818789584375 0.1687326652719665 0.9998085390625 0.6075297782426777 0.9688531499999999 0.500905920502092 0.7774455296875 0.06620988284518828 0.809601953125
2 1 0.8693562765625 0.623933569037657 0.8861650390625 0.5803747029288703 0.898334290625 0.6444379163179916 0.9998085390625 0.9930149623430963 0.9948845484375 1 0.8820425578125001 1 0.8693562765625
1 0.894593259414226 0.6442257328125 0.6608411924686193 0.658007275 0.6567406317991632 0.658007275 0.6895476945606694 0.7054763546875 0.7674650502092051 0.7284451468750001 0.9274003221757322 0.7514141296875 0.894593259414226 0.6442257328125
1 0.0046963179916317994 0.18484759687500002 0.00879739330543933 0.18944131718749999 0.01699903347280335 0.4451619765625 0.0949163849372385 0.4329117359375 0.11952181171548117 0.18484759687500002 0.0046963179916317994 0.18484759687500002
1 0.0457050209205021 0 0.0457050209205021 0.007221328125 0.0046963179916317994 0.1863789015625 0.14412723849372386 0.18791001406250002 0.17283374058577408 0 0.0457050209205021 0