0 0.481672171875 0.5928301200980391 0.502594996875 0.8587037524509804 0.600932471875 0.8685505073529411 0.592563603125 0.7323312696078431 0.5737329953125 0.7274078921568627 0.5664099078125 0.579700431372549 0.5622254734375 0.5731355882352941 0.481672171875 0.5928301200980391
0 0.18434675625000002 0 0.185613309375 0.07749445343137255 0.3550887828125 0.10047192156862746 0.339593984375 0 0.18434675625000002 0
2 0.356134565625 0.5009233259803922 0.3467192609375 0.31218533088235295 0.3467192609375 0.3203916446078431 0.18173234062500002 0.30069711029411766 0.18173234062500002 0.5058467034313726 0.356134565625 0.5009233259803922
2 0.3582267828125 0.3171097352941177 0.352996565625 0.11031867647058823 0.3498579140625 0.11360058578431372 0.18247465624999998 0.08241885539215688 0.18247465624999998 0.2924918235294118 0.3582267828125 0.3171097352941177
2 0.564317690625 0.11360058578431372 0.46284156249999997 0.044671257352941175 0.45865712812500004 0.044671257352941175 0.4680724328125 0.3302383970588235 0.5737329953125 0.3400861764705882 0.564317690625 0.11360058578431372
2 0.5852405171874999 0.560005899509804 0.5695485609375 0.3548573333333333 0.5695485609375 0.34993293137254905 0.4680724328125 0.32859795588235297 0.48481082343750004 0.581341899509804 0.5852405171874999 0.560005899509804
2 0.8133000328125 0.5977534975490196 0.81539225 0.35321586519607845 0.811207815625 0.33844470833333334 0.698224165625 0.2793621348039215 0.7118239046875 0.5846238088235294 0.8133000328125 0.5977534975490196
2 0.8174844671875 0.7815670882352941 0.812253596875 0.6059598088235294 0.8164386859375 0.6010364338235294 0.7045008171875 0.5977534975490196 0.72228564375 0.7651554901960784 0.8174844671875 0.7815670882352941
2 0.8174844671875 0.9358393921568627 0.8164386859375 0.7832085563725489 0.8143458140625001 0.7832085563725489 0.726470078125 0.7700788676470589 0.7453006875 0.9177863259803921 0.8174844671875 0.9358393921568627
1 0.36326188125000003 0 0.376011609375 0.32859795588235297 0.46074934531249995 0.32531501960784315 0.45551847656250005 0.06436476470588236 0.4513340421875 0.056159477941176476 0.40323085000000003 0 0.36326188125000003 0
1 0.482717953125 0.5846238088235294 0.47016464999999996 0.32203311029411763 0.4649337796875 0.32531501960784315 0.37391939218750003 0.32859795588235297 0.37810382656249997 0.6092417181372549 0.482717953125 0.5846238088235294
2 0.18173234062500002 0.6995080735294118 0.299642740625 0.7060729166666666 0.37078073906250003 0.6896602941176471 0.356134565625 0.5058467034313726 0.35404234843750004 0.5173349240196079 0.18173234062500002 0.507488169117647 0.18173234062500002 0.6995080735294118
1 0.6323170375 0.46974057107843137 0.6113942125 0.09883045343137255 0.6113942125 0.10375383088235295 0.56013325625 0.12016542892156863 0.578963865625 0.4713820392156863 0.6323170375 0.46974057107843137
1 0.657424296875 0.8948098848039215 0.6291783843750001 0.4746639485294118 0.628132603125 0.47958732598039217 0.5821018640625 0.47958732598039217 0.615578646875 0.891527975490196 0.657424296875 0.8948098848039215