2 0.3932223265625 0 0.2937820703125 0.0010783411513859275 0.2564184328125 0.58931821108742 0.26216654687499996 0.5991222366737741 0.41880614375 0.6363774882729212 0.46473611562499995 0 0.3932223265625 0
1 0.0020589296874999998 0.14029507462686566 0.003496046875 0.5285334434968016 0 0.5344157611940299 0.1184606546875 0.561866985074627 0.1486390578125 0.08735372494669509 0.0020589296874999998 0.14029507462686566
2 0.2348625578125 0.581475038379531 0.289470715625 0.006960904051172707 0.147201940625 0.10304006823027718 0.12277200937499999 0.561866985074627 0.240610671875 0.583435893390192 0.2348625578125 0.581475038379531
2 0.45329554375000003 0.28735498081023453 0.4159320875 0.6442206609808103 0.4202430828125 0.6422598059701493 0.6013127921875 0.6657893219616206 0.6271796625 0.28343351812366735 0.45329554375000003 0.28735498081023453
2 0.5667391796875 0 0.46479213125 0.0010783411513859275 0.44898436875 0.2853943710021322 0.6286914078125 0.28353673134328355 0.6400820078125 0 0.5667391796875 0
1 0.6401131875 0 0.6401131875 0.2814726631130064 0.755078153125 0.29323754371002136 0.7808767421875 0 0.6401131875 0
2 0.3512642828125 1 0.4116207328125 0.6638287142857143 0.250670140625 0.601083091684435 0.198936040625 1 0.3512642828125 1
2 0.138579590625 0.577553330490405 0.004933165625 0.5422589317697228 0.0006218109375 0.5344157611940299 0.0020589296874999998 1 0.089719546875 0.9991252409381663 0.138579590625 0.577553330490405
2 0.7938787281249999 0.8559870426439232 0.8082491921875 0.6873582302771856 0.43173966874999997 0.6540246865671642 0.3900648578125 0.8246141087420042 0.7881302546875 0.8579476524520256 0.7938787281249999 0.8559870426439232
2 0.6372391296875 0.27951180810234544 0.6128091984374999 0.6559852963752665 0.6099349625 0.6559852963752665 0.7234626296875 0.6736324946695097 0.755078153125 0.3069630341151386 0.6372391296875 0.27951180810234544
2 0.779451484375 0 0.7522037375 0.3736303646055437 0.7493296796875 0.3716695095948827 0.7220256921875 0.6736324946695097 0.9663257281250001 0.6952014008528785 0.9998203374999999 0.0030391961620469085 0.8243240671875001 0 0.779451484375 0
2 0.8125605468750001 0.6893190831556504 0.7953156671875 0.8540261876332622 0.7996268421875 0.8599085053304905 0.9998203374999999 0.8853988763326226 0.9998203374999999 0.7324566524520256 0.8125605468750001 0.6893190831556504
2 0.7076550484374999 0.8501044797441365 0.6889732296875 0.9912820682302772 0.693284584375 0.9991252409381663 0.9998203374999999 1 0.9998203374999999 0.8932420490405117 0.7076550484374999 0.8501044797441365
2 0.39581315156249997 0.8285358187633263 0.3598866328125 0.9991252409381663 0.362760690625 1 0.6860991734375 0.9991252409381663 0.697595759375 0.8422613070362474 0.39581315156249997 0.8285358187633263
2 0.190313690625 1 0.2477960828125 0.6128477270788912 0.1414538265625 0.57951418336887 0.137142471875 0.58931821108742 0.091156665625 1 0.190313690625 1