1 0.9287618406249999 0.5294420196078432 0.786207275 0.5432251446078432 0.8154992671875 0.9999234068627451 0.9998779296875 0.996530330882353 0.99808618125 0.6044826127450981 0.9287618406249999 0.5294420196078432
2 0.550894775 0.6749285759803921 0.549560546875 0.6858915441176471 0.5889744875 0.9980618112745099 0.8037824703125 0.9995930980392157 0.765703003125 0.6182653578431372 0.550894775 0.6749285759803921
2 0.51769714375 0.4253044583333333 0.512939453125 0.4216452205882353 0.54308361875 0.6871800318627451 0.7588680421875 0.6152025882352942 0.7393399656249999 0.37323548529411765 0.51769714375 0.4253044583333333
2 0.823310546875 0.04397671568627451 0.8506497796874999 0.18793160294117647 0.7578917234375 0.19252604166666665 0.7539860843749999 0.19712028921568628 0.7754669187500001 0.399269875 0.9590301515625 0.4850304460784314 0.9355965578125 0.03785079656862745 0.823310546875 0.04397671568627451
1 0.45520751875 0.14505150980392156 0.513791503125 0.4145842916666667 0.69344921875 0.3747669656862745 0.456183959375 0.10829695098039216 0.45520751875 0.14505150980392156
2 0.315582275 0.458996056372549 0.312744140625 0.46568627450980393 0.3331574703125 0.7484375 0.5333195796875 0.6733972892156863 0.5069567875 0.4145842916666667 0.315582275 0.458996056372549
2 0.34975634843750003 0.7530319387254902 0.3478034671875 0.7545632279411766 0.38393029843750004 0.9999234068627451 0.5831160890625 0.9980618112745099 0.54015441875 0.6795228235294118 0.34975634843750003 0.7530319387254902
2 0.2638331296875 0 0.26285668906250004 0.002627911764705882 0.3146059578125 0.45746457598039214 0.5118387453125 0.4084585637254902 0.44544348125 0.13126857352941176 0.2638331296875 0
2 0.16259765625 0.6858915441176471 0.199390625 0.9999234068627451 0.36440234375 0.9949988504901961 0.31167675781250004 0.6182653578431372 0.16259765625 0.6858915441176471
2 0.046095825 0.458996056372549 0.0431666265625 0.4559330955882353 0.0548834234375 0.7193403406862745 0.306794678125 0.6075453823529412 0.2853139640625 0.37323548529411765 0.046095825 0.458996056372549
2 0.19841430625 0.996530330882353 0.1583818359375 0.688711512254902 0.0476777953125 0.7608137598039215 0.0783170171875 0.9995930980392157 0.19841430625 0.996530330882353
2 0.0060633546875 0.10217122303921569 0.007568359375 0.10378370098039216 0.0314498296875 0.452870137254902 0.1574053953125 0.4053957941176471 0.12616064375 0.07919960049019607 0.0060633546875 0.10217122303921569
2 0.1447122796875 0.20018325 0.14306640625 0.20909926470588236 0.1613110359375 0.40080135539215683 0.2862902828125 0.3456696151960784 0.2657858890625 0.1481142769607843 0.1447122796875 0.20018325
2 0.130066284375 0 0.128113403125 0.005690678921568628 0.13885388125 0.19405752205882354 0.2755499265625 0.13279986274509803 0.2530926515625 0 0.130066284375 0
2 0.0148509515625 0 0.013874634375 0.002627911764705882 0.01289819375 0.10370270343137254 0.12908984375000002 0.068479625 0.12420788593750001 0 0.0148509515625 0
2 0.6045968015625001 0.23540632598039216 0.7422692875 0.3517953431372549 0.7090716546875 0.0010964313725490196 0.707118896875 0.0010964313725490196 0.578234009375 0.002627911764705882 0.6045968015625001 0.23540632598039216
2 0.40834033124999997 0 0.40931677187500004 0.002627911764705882 0.41908068906249996 0.060822419117647054 0.6036204828125 0.24153186274509805 0.5753048093750001 0 0.40834033124999997 0
1 0.939502075 0.03325654901960784 0.9482897953125 0.18333735539215687 0.9998779296875 0.1756801470588235 0.99808618125 0.022536573529411765 0.939502075 0.03325654901960784